wd_id,line_id,linewd,word,lex_id,textlineid,syntag,syntag2,syllabified,pos,lemma,lemma_score
1,1,1,Donna,donna,1,N,N,C/V\.'C/V\,PROPN|NOUN,donner,4
2,1,2,Aaliz,aaliz,1,N,N,/V\.'C/V\,PROPN,Alice,6
3,1,3,la,la,1,Det,Det,C/V\,DET,le,3
4,1,4,reïne,reine,1,N,N,C/V\.'C/V\.C/(e)\,NOUN,reine,9
5,1,5,",",",",1,Pnc,Pnc,,PUNCT,",",9
6,2,1,Par,par,2,Pre,Pre,C/V\,ADP,par,8
7,2,2,qui,qui,2,Qux,Qux,C/V\,PRON,qui,3
8,2,3,valdrat,valdrat,2,Vfin,Vfin,C/V\.'C/V\,VERB,valoir,9
9,2,4,lei,lei,2,N,N,C/V\,PROPN|NOUN,le,0
10,2,5,divine,divine,2,Adj,Adj,C/V\.'C/V\.C/(e)\,ADJ,divin,3
11,2,6,",",",",2,Pnc,Pnc,,PUNCT,",",9
12,3,1,Par,par,3,Pre,Pre,C/V\,ADP,par,8
13,3,2,qui,qui,3,Qux,Qux,C/V\,PRON,qui,3
14,3,3,creistrat,creistrat,3,Vfin,Vfin,C/V\.'C/V\,VERB,créistrer,-10
15,3,4,lei,lei,3,N,N,C/V\,PROPN|NOUN,le,0
16,3,5,de,de,3,Pre,Pre,C/(e)\,ADP,de,8
17,3,6,terre,terre,3,N,N,'C/V\.C/(e)\,NOUN,terre,8
18,4,1,E,e,4,Crd,Crd,/V\,CCONJ,et,5
19,4,2,remandrat,remandrat,4,Vfin,Vfin,C/V\.C/V\.'C/V\,VERB,remander,0
20,4,3,tante,tante,4,QIs,QIs,'C/V\.C/(e)\,DET,tant,8
21,4,4,guerre,guerre,4,N,N,'C/V\.C/(e)\,NOUN,guerre,8
22,5,1,Por,por,5,Pre,Pre,C/V\,ADP,pour,8
23,5,2,les,les,5,Det,Det,C/V\,DET,le,8
24,5,3,armes,armes,5,N,N,'/V\.C/e\,NOUN,arme,3
25,5,4,Henri,henri,5,N,N,C/V\.'C/V\,PROPN,Henri,9
26,5,5,lu,lu,5,Det,Det,C/V\,DET,le,5
27,5,6,rei,rei,5,N,N,C/V\,PROPN|NOUN,roi,6
28,6,1,E,e,6,Crd,Crd,/V\,CCONJ,et,5
29,6,2,par,par,6,Pre,Pre,C/V\,ADP,par,8
30,6,3,le,le,6,Det,Det,C/(e)\,DET,le,8
31,6,4,cunseil,cunseil,6,N,N,C/V\.'C/V\,NOUN,conseil,6
32,6,5,qui,qui,6,Qux,Qux,C/V\,PRON,qui,3
33,6,6,ert,ert,6,Vfin,Vfin,/V\,VERB,être,6
34,6,7,en,en,6,Pre,Pre,/V\,ADP,en,3
35,6,8,tei,tei,6,Prn,Prn,C/V\,PRON,toi,6
36,6,9,",",",",6,Pnc,Pnc,,PUNCT,",",9
37,7,1,Salüet,saluet,7,Vfin,Vfin,C/V\.'C/V\./e\,VERB,saluer,6
38,7,2,tei,tei,7,Prn,Prn%%,C/V\,PRON,toi,6
39,7,3,mil,mil,7,QIs,QIs,C/V\,PRON,mille,3
40,7,4,e,e,7,Crd,Crd,/V\,CCONJ,et,5
41,7,5,mil,mil,7,QIs,QIs,C/V\,ADJ|ADV|DET|NUM|PRON,mille,8
42,7,6,feiz,feiz,7,N,N,C/V\,PROPN|NOUN,faire,0
43,8,1,Li,li,8,Det,Det,C/V\,DET,le,3
44,8,2,apostoiles,apostoiles,8,N,N,/V\.C/V\.'C/V\.C/e\,NOUN,apostole,6
45,8,3,danz,danz,8,N,N,C/V\,PROPN|NOUN,dans,0
46,8,4,Benedeiz,benedeiz,8,N,N,C/V\.C/e\.'C/V\,PROPN,Benédiz,-10
47,8,5,.,.,8,Pnc,Pnc,,PUNCT,.,9
48,9,1,Que,que,9,Qux,Qux,C/(e)\,ADJ|ADV|DET|PRON,que,8
49,9,2,comandas,comandas,9,Vfin,Vfin,C/V\.C/V\.'C/V\,VERB,commander,9
50,9,3,ço,ço,9,Prn,Prn,C/V\,PRON,ce,5
51,9,4,ad,ad,9,Vfin,Vfin,/V\,VERB,avoir,5
52,9,5,enpris,enpris,9,Vpp,Vpp,/V\.'C/V\,VERB,emprendre,6
53,10,1,Secund,secund,10,PrA,PrA,C/V\.'C/V\,ADP|ADV,second,5
54,10,2,sun,sun,10,Det,Det,C/V\,DET,son,5
55,10,3,sens,sens,10,N,N,C/V\,NOUN,sens,8
56,10,4,e,e,10,Crd,Crd,/V\,CCONJ,et,5
57,10,5,entremis,entremis,10,Vpp,Vpp,/V\.C/e\.'C/V\,VERB,entremettre,6
58,10,6,",",",",10,Pnc,Pnc,,PUNCT,",",9
59,11,1,En,en,11,Pre,Pre,/V\,ADP,en,3
60,11,2,letre,letre,11,N,N,'C/V\.C/(e)\,NOUN,lettre,5
61,11,3,mis,mis,11,Vpp,Vpp,C/V\,VERB,mettre,3
62,11,4,e,e,11,Crd,Crd,/V\,CCONJ,et,5
63,11,5,en,en,11,Pre,Pre,/V\,ADP,en,3
64,11,6,romanz,romanz,11,N,N,C/V\.'C/V\,NOUN,roman,9
65,11,7,",",",",11,Pnc,Pnc,,PUNCT,",",9
66,12,1,Esi,esi,12,Adv,Adv,/V\.'C/V\,ADV,esi,-10
67,12,2,cum,cum,12,Sub,Sub,C/V\,SCONJ,comme,5
68,12,3,fud,fud,12,Vfin,Vfin,C/V\,VERB,être,6
69,12,4,li,li,12,Det,Det,C/V\,DET,le,3
70,12,5,teons,teons,12,Adj,Adj,C/V\,ADJ,teon,-10
71,12,6,cumanz,cumanz,12,N,N,C/V\.'C/V\,PROPN|NOUN,command,5
72,12,7,",",",",12,Pnc,Pnc,,PUNCT,",",9
73,13,1,De,de,13,Pre,Pre,C/(e)\,ADP,de,8
74,13,2,saint,saint,13,Adj,Adj,C/V\,ADJ,saint,8
75,13,3,Brendan,brendan,13,N,N,C/V\.'C/V\,PROPN,Brendan,-10
76,13,4,le,le,13,Det,Det,C/(e)\,DET,le,8
77,13,5,bon,bon,13,Adj,Adj,C/V\,ADJ,bon,8
78,13,6,abéth,abéth,13,N,N,/V\.'C/V\,NOUN,UNKNOWN,-10
79,13,7,.,.,13,Pnc,Pnc,,PUNCT,.,9
80,14,1,Mais,mais,14,Crd,Crd,C/V\,CCONJ,mais,8
81,14,2,tul,tul,14,Prn+Prn,Prn$+Prn$$,C/V\,PRON.PRON,tul,-10
82,14,3,defent,defent,14,Vfin,Vfin,C/V\.'C/V\,VERB,défendre,9
83,14,4,ne,ne,14,Neg,Neg$$,C/(e)\,ADV,ne,8
84,14,5,seit,seit,14,Vfin,Vfin,C/V\,VERB,seoir,0
85,14,6,gabéth,gabéth,14,Vpp,Vpp,C/V\.'C/V\,VERB,UNKNOWN,-10
86,15,1,Quant,quant,15,Sub,Sub,C/V\,SCONJ,quand,3
87,15,2,dit,dit,15,Vfin,Vfin,C/V\,VERB,dire,8
88,15,3,que,que,15,Qux,Qux,C/(e)\,ADJ|ADV|DET|PRON,que,8
89,15,4,set,set,15,Vfin,Vfin,C/V\,VERB,seoir,3
90,15,5,e,e,15,Crd,Crd,/V\,CCONJ,et,5
91,15,6,fait,fait,15,Vfin,Vfin,C/V\,VERB,faire,3
92,15,7,que,que,15,Qux,Qux,C/(e)\,ADJ|ADV|DET|PRON,que,8
93,15,8,peot,peot,15,Vfin,Vfin,C/V\,VERB,pouvoir,9
94,15,9,:,:,15,Pnc,Pnc,,PUNCT,:,9
95,16,1,Itel,itel,16,Adj,Adj,/V\.'C/V\,ADJ,itel,8
96,16,2,servant,servant,16,N,N,C/V\.'C/V\,PROPN|NOUN,servant,5
97,16,3,blasmer,blasmer,16,Vinf,Vinf,C/V\.'C/V\,VERB,blâmer,9
98,16,4,n',n',16,Neg,Neg$$,C/\,ADV,ne,8
99,16,5,esteot,esteot,16,Vfin,Vfin,/V\.'C/V\,VERB,estovoir,8
100,16,6,.,.,16,Pnc,Pnc,,PUNCT,.,9
101,17,1,Mais,mais,17,Crd,Crd,C/V\,CCONJ,mais,8
102,17,2,cil,cil,17,Dem,Dem,C/V\,PRON,cil,8
103,17,3,qui,qui,17,Qux,Qux,C/V\,PRON,qui,3
104,17,4,peot,peot,17,Vfin,Vfin,C/V\,VERB,pouvoir,9
105,17,5,e,e,17,Crd,Crd,/V\,CCONJ,et,5
106,17,6,ne,ne,17,Neg,Neg$$,C/(e)\,ADV,ne,8
107,17,7,voile,voile,17,N,N,'C/V\.C/(e)\,PROPN|NOUN,voile,5
108,17,8,",",",",17,Pnc,Pnc,,PUNCT,",",9
109,18,1,Dreiz,dreiz,18,Adj,Adj,C/V\,ADJ,droit,5
110,18,2,est,est,18,Vfin,Vfin,/V\,VERB,être,3
111,18,3,que,que,18,Sub,Sub,C/(e)\,SCONJ,que,3
112,18,4,cil,cil,18,Dem,Dem,C/V\,PRON,cil,8
113,18,5,mult,mult,18,QIs,QIs,C/V\,ADV,moult,5
114,18,6,se,se,18,Prn,Prn$$,C/(e)\,PRON,se,3
115,18,7,doile,doile,18,Vfin,Vfin,'C/V\.C/(e)\,VERB,douloir,6
116,18,8,.,.,18,Pnc,Pnc,,PUNCT,.,9
117,19,1,Icist,icist,19,Dem,Dem,/V\.'C/V\,DET|PRON,iccire,-10
118,19,2,seinz,seinz,19,Adj,Adj,C/V\,ADJ,saint,5
119,19,3,Deu,deu,19,N,N,C/V\,PROPN,Dieu,5
120,19,4,fud,fud,19,Vfin,Vfin,C/V\,VERB,être,6
121,19,5,néd,néd,19,Vpp,Vpp,C/V\,VERB,nédre,-10
122,19,6,de,de,19,Pre,Pre,C/(e)\,ADP,de,8
123,19,7,reis,reis,19,N,N,C/V\,NOUN,réi,-10
124,19,8,;,;,19,Pnc,Pnc,,PUNCT,;,9
125,20,1,De,de,20,Pre,Pre,C/(e)\,ADP,de,8
126,20,2,naisance,naisance,20,N,N,C/V\.'C/V\.C/(e)\,NOUN,naissance,6
127,20,3,fud,fud,20,Vfin,Vfin,C/V\,VERB,être,6
128,20,4,des,des,20,Pre+Det,Pre+Det,C/V\,ADP.DET,de.le,3
129,20,5,Ireis,ireis,20,Adj,Adj,/V\.'C/V\,ADJ,ireis,-10
130,20,6,.,.,20,Pnc,Pnc,,PUNCT,.,9
131,21,1,Pur,pur,21,Pre,Pre,C/V\,ADP,pour,5
132,21,2,ço,ço,21,Prn,Prn,C/V\,PRON,ce,5
133,21,3,que,que,21,Sub,Sub,C/(e)\,SCONJ,que,3
134,21,4,fud,fud,21,Vfin,Vfin,C/V\,VERB,être,6
135,21,5,de,de,21,Pre,Pre,C/(e)\,ADP,de,8
136,21,6,regal,regal,21,Adj,Adj,C/V\.'C/V\,ADJ,regal,6
137,21,7,lin,lin,21,N,N,C/V\,PROPN|NOUN,lin,3
138,22,1,Puroc,puroc,22,Adv,Adv,C/V\.'C/V\,ADV,Puroc,-10
139,22,2,entent,entent,22,Vfin,Vfin,/V\.'C/V\,VERB,enter,3
140,22,3,a,a,22,Pre,Pre,/V\,ADP,à,3
141,22,4,noble,noble,22,Adj,Adj,'C/V\.C/(e)\,ADJ,noble,8
142,22,5,fin,fin,22,N,N,C/V\,NOUN,fin,3
143,22,6,.,.,22,Pnc,Pnc,,PUNCT,.,9
144,23,1,Ben,ben,23,Adv,Adv,C/V\,ADV,bien,5
145,23,2,sout,sout,23,Vfin,Vfin,C/V\,VERB,être,0
146,23,3,que,que,23,Sub,Sub,C/(e)\,SCONJ,que,3
147,23,4,l',l',23,Det,Det,C/\,DET,le,8
148,23,5,escripture,escripture,23,N,N,/V\.C/V\.'C/V\.C/(e)\,NOUN,écriture,9
149,23,6,dit,dit,23,Vfin,Vfin,C/V\,VERB,dire,8
150,23,7,:,:,23,Pnc,Pnc,,PUNCT,:,9
151,24,1,"""","""",24,Pnc,Pnc,,PUNCT,"""",6
152,24,2,Ki,ki,24,Qux,Qux,C/V\,ADV,qui,5
153,24,3,de,de,24,Pre,Pre,C/(e)\,ADP,de,8
154,24,4,cest,cest,24,Dem,Dem,C/V\,DET,cist,3
155,24,5,mund,mund,24,N,N,C/V\,NOUN,monde,6
156,24,6,fuit,fuit,24,Vfin,Vfin,C/V\,VERB,fuir,3
157,24,7,le,le,24,Det,Det,C/(e)\,DET,le,8
158,24,8,delit,delit,24,N,N,C/V\.'C/V\,NOUN,délit,8
159,24,9,",",",",24,Pnc,Pnc,,PUNCT,",",9
160,25,1,Od,od,25,Pre,Pre,/V\,ADP,o,5
161,25,2,Deu,deu,25,N,N,C/V\,PROPN,Dieu,5
162,25,3,de,de,25,Pre,Pre,C/(e)\,ADP,de,8
163,25,4,cel,cel,25,N,N,C/V\,PROPN|NOUN,ciel,5
164,25,5,tant,tant,25,QIs,QIs,C/V\,ADV,tant,8
165,25,6,en,en,25,Prn,Prn$$,/V\,PRON,en,3
166,25,7,avrat,avrat,25,Vfin,Vfin,/V\.'C/V\,VERB,avoir,9
167,26,1,Que,que,26,Sub,Sub,C/(e)\,SCONJ,que,3
168,26,2,plus,plus,26,Adv,Adv,C/V\,ADV,plus,8
169,26,3,demander,demander,26,Vinf,Vinf,C/V\.C/V\.'C/V\,VERB,demander,9
170,26,4,ne,ne,26,Neg,Neg$$,C/(e)\,ADV,ne,8
171,26,5,savrat,savrat,26,Vfin,Vfin,C/V\.'C/V\,VERB,savoir,6
172,26,6,.,.,26,Pnc,Pnc,,PUNCT,.,9
173,26,7,"""","""",26,Pnc,Pnc,,PUNCT,"""",6
174,27,1,Puroc,puroc,27,Adv,Adv,C/V\.'C/V\,ADV,puroc,-10
175,27,2,guerpit,guerpit,27,Vfin,Vfin,C/V\.'C/V\,VERB,guerpir,6
176,27,3,cist,cist,27,Dem,Dem,C/V\,DET|PRON,cist,5
177,27,4,reials,reials,27,Adj,Adj,C/(V)\.'/V\,ADJ,UNKNOWN,-10
178,27,5,eirs,eirs,27,N,N,/V\,NOUN,hoir,8
179,28,1,Les,les,28,Det,Det,C/V\,DET,le,8
180,28,2,fals,fals,28,Adj,Adj,C/V\,ADJ,faux,5
181,28,3,honurs,honurs,28,N,N,/V\.'C/V\,NOUN,honneur,6
182,28,4,pur,pur,28,Pre,Pre,C/V\,ADP,pour,5
183,28,5,iceals,iceals,28,Dem,Dem,/V\.'C/V\,DET,cil,2
184,28,6,veirs,veirs,28,Adj,Adj,C/V\,ADJ,veir,-10
185,28,7,.,.,28,Pnc,Pnc,,PUNCT,.,9
186,29,1,Dras,dras,29,N,N,C/V\,NOUN,drap,6
187,29,2,de,de,29,Pre,Pre,C/(e)\,ADP,de,8
188,29,3,moine,moine,29,N,N,'C/V\.C/(e)\,PROPN|NOUN,moine,8
189,29,4,",",",",29,Pnc,Pnc,,PUNCT,",",9
190,29,5,pur,pur,29,Pre,Pre,C/V\,ADP,pour,5
191,29,6,estre,estre,29,Vinf,Vinf,'/V\.C/(e)\,VERB,être,8
192,29,7,vil,vil,29,Adj,Adj,C/V\,ADJ,vil,9
193,30,1,En,en,30,Pre,Pre,/V\,ADP,en,3
194,30,2,cest,cest,30,Dem,Dem,C/V\,DET,cist,3
195,30,3,secle,secle,30,N,N,'C/V\.C/(e)\,NOUN,siècle,6
196,30,4,cum,cum,30,Sub,Sub,C/V\,SCONJ,comme,5
197,30,5,en,en,30,Pre,Pre,/V\,ADP,en,3
198,30,6,eisil,eisil,30,N,N,/V\.'C/V\,NOUN,aisil,8
199,30,7,",",",",30,Pnc,Pnc,,PUNCT,",",9
200,31,1,Prist,prist,31,Vfin,Vfin,C/V\,VERB,Prist,-10
201,31,2,e,e,31,Crd,Crd,/V\,CCONJ,et,5
202,31,3,l',l',31,Det,Det,C/\,DET,le,8
203,31,4,ordre,ordre,31,N,N,'/V\.C/(e)\,NOUN,ordre,8
204,31,5,e,e,31,Crd,Crd,/V\,CCONJ,et,5
205,31,6,les,les,31,Det,Det,C/V\,DET,le,8
206,31,7,habiz,habiz,31,N,N,C/V\.'C/V\,NOUN,habit,9
207,31,8,",",",",31,Pnc,Pnc,,PUNCT,",",9
208,32,1,Puis,puis,32,PrA,PrA,C/V\,ADV,puis,8
209,32,2,fud,fud,32,Vfin,Vfin,C/V\,VERB,être,6
210,32,3,abes,abes,32,N,N,'/V\.C/e\,NOUN,abbé,6
211,32,4,par,par,32,Pre,Pre,C/V\,ADP,par,8
212,32,5,force,force,32,N,N,'C/V\.C/(e)\,NOUN,force,3
213,32,6,esliz,esliz,32,Vpp,Vpp,/V\.'C/V\,VERB,élire,8
214,32,7,.,.,32,Pnc,Pnc,,PUNCT,.,9
215,33,1,Par,par,33,Pre,Pre,C/V\,ADP,par,8
216,33,2,art,art,33,N,N,/V\,NOUN,art,8
217,33,3,de,de,33,Pre,Pre,C/(e)\,ADP,de,8
218,33,4,lui,lui,33,Prn,Prn,C/V\,PRON,lui,8
219,33,5,mult,mult,33,QIs,QIs,C/V\,ADV,moult,5
220,33,6,i,i,33,Prn,Prn$$,/V\,PRON,y,3
221,33,7,vindrent,vindrent,33,Vfin,Vfin,'C/V\.C/e\,VERB,venir,9
222,34,1,Qui,qui,34,Qux,Qux,C/V\,PRON,qui,3
223,34,2,a,a,34,Pre,Pre,/V\,ADP,à,3
224,34,3,le,le,34,Det,Det,C/(e)\,DET,le,8
225,34,4,ordre,ordre,34,N,N,'/V\.C/(e)\,NOUN,ordre,8
226,34,5,bein,bein,34,Adv,Adv,C/V\,ADV,bien,9
227,34,6,se,se,34,Prn,Prn$$,C/(e)\,PRON,se,3
228,34,7,tindrent,tindrent,34,Vfin,Vfin,'C/V\.C/e\,VERB,tenir,9
229,34,8,.,.,34,Pnc,Pnc,,PUNCT,.,9
230,35,1,Tres,tres,35,QIs,QIs,C/V\,ADV,très,8
231,35,2,mil,mil,35,QIs,QIs,C/V\,NUM,mille,8
232,35,3,suz,suz,35,PrA,PrA,C/V\,ADP,sus,3
233,35,4,lui,lui,35,Prn,Prn,C/V\,PRON,lui,8
234,35,5,par,par,35,Pre,Pre,C/V\,ADP,par,8
235,35,6,divers,divers,35,QIs,QIs,C/V\.'C/V\,ADJ|ADV|DET|NUM|PRON,divers,9
236,35,7,leus,leus,35,N,N,C/V\,PROPN|NOUN,le,0
237,36,1,Munies,munies,36,N,N,'C/V\./e\,PROPN,moine,5
238,36,2,aveit,aveit,36,Vfin,Vfin,/V\.'C/V\,VERB,avoir,9
239,36,3,Brandan,brandan,36,N,N,C/V\.'C/V\,PROPN,Brandan,-10
240,36,4,li,li,36,Det,Det,C/V\,DET,le,3
241,36,5,pius,pius,36,Adj,Adj,C/V\,ADJ,pius,-10
242,36,6,",",",",36,Pnc,Pnc,,PUNCT,",",9
243,37,1,De,de,37,Pre,Pre,C/(e)\,ADP,de,8
244,37,2,lui,lui,37,Prn,Prn,C/V\,PRON,lui,8
245,37,3,pernanz,pernanz,37,Vfin,Vfin,C/V\.'C/V\,VERB,prendre,6
246,37,4,tuz,tuz,37,QIs,QIs,C/V\,PRON,tus,-10
247,37,5,ensample,ensample,37,N,N,/V\.'C/V\.C/(e)\,PROPN|NOUN,ensempler,-10
248,38,1,Par,par,38,Pre,Pre,C/V\,ADP,par,8
249,38,2,sa,sa,38,Det,Det,C/V\,DET,son,8
250,38,3,vertud,vertud,38,N,N,C/V\.'C/V\,NOUN,vertu,9
251,38,4,que,que,38,Qux,Qux,C/(e)\,ADJ|ADV|DET|PRON,que,8
252,38,5,ert,ert,38,Vfin,Vfin,/V\,VERB,être,6
253,38,6,ample,ample,38,Adj,Adj,'/V\.C/(e)\,ADJ,ample,5
254,38,7,.,.,38,Pnc,Pnc,,PUNCT,.,9
255,39,1,Li,li,39,Det,Det,C/V\,DET,le,3
256,39,2,abes,abes,39,N,N,'/V\.C/e\,NOUN,abbé,6
257,39,3,Brendan,brendan,39,N,N,C/V\.'C/V\,PROPN,Brendan,-10
258,39,4,prist,prist,39,Vfin,Vfin,C/V\,VERB,prendre,3
259,39,5,en,en,39,Pre,Pre,/V\,ADP,en,3
260,39,6,purpens,purpens,39,N,N,C/V\.'C/V\,NOUN,pourpenser,2
261,39,7,",",",",39,Pnc,Pnc,,PUNCT,",",9
262,40,1,Cum,cum,40,Sub,Sub,C/V\,SCONJ,comme,5
263,40,2,hom,hom,40,N,N,/V\,NOUN,homme,8
264,40,3,qui,qui,40,Qux,Qux,C/V\,PRON,qui,3
265,40,4,ert,ert,40,Vfin,Vfin,/V\,VERB,être,6
266,40,5,de,de,40,Pre,Pre,C/(e)\,ADP,de,8
267,40,6,mult,mult,40,QIs,QIs,C/V\,ADV,moult,5
268,40,7,grant,grant,40,Adj,Adj,C/V\,ADJ,grand,8
269,40,8,sens,sens,40,N,N,C/V\,NOUN,sens,8
270,40,9,",",",",40,Pnc,Pnc,,PUNCT,",",9
271,41,1,De,de,41,Pre,Pre,C/(e)\,ADP,de,8
272,41,2,granz,granz,41,Adj,Adj,C/V\,ADJ,grand,9
273,41,3,cunseilz,cunseilz,41,N,N,C/V\.'C/V\,NOUN,conseil,6
274,41,4,e,e,41,Crd,Crd,/V\,CCONJ,et,5
275,41,5,de,de,41,Pre,Pre,C/(e)\,ADP,de,8
276,41,6,rustes,rustes,41,Adj,Adj,'C/V\.C/e\,ADJ,ruste,0
277,41,7,",",",",41,Pnc,Pnc,,PUNCT,",",9
278,42,1,Cum,cum,42,Sub,Sub,C/V\,SCONJ,comme,5
279,42,2,cil,cil,42,Dem,Dem,C/V\,PRON,cil,8
280,42,3,qui,qui,42,Qux,Qux,C/V\,PRON,qui,3
281,42,4,ert,ert,42,Vfin,Vfin,/V\,VERB,être,6
282,42,5,forment,forment,42,Adv,Adv,C/V\.'C/V\,ADV,fortement,8
283,42,6,justes,justes,42,Adj,Adj,'C/V\.C/e\,ADJ,juste,8
284,42,7,",",",",42,Pnc,Pnc,,PUNCT,",",9
285,43,1,De,de,43,Pre,Pre,C/(e)\,ADP,de,8
286,43,2,Deu,deu,43,N,N,C/V\,PROPN,Dieu,5
287,43,3,prïer,prier,43,Vinf,Vinf,C/V\.'C/V\,VERB,prier,9
288,43,4,ne,ne,43,Neg,Neg$$,C/(e)\,ADV,ne,8
289,43,5,fereit,fereit,43,Vfin,Vfin,C/V\.'C/V\,VERB,faire,3
290,43,6,fin,fin,43,N,N,C/V\,NOUN,fin,3
291,44,1,Pur,pur,44,Pre,Pre,C/V\,ADP,pour,5
292,44,2,sei,sei,44,Prn,Prn,C/V\,PRON,soi,5
293,44,3,e,e,44,Crd,Crd,/V\,CCONJ,et,5
294,44,4,pur,pur,44,Pre,Pre,C/V\,ADP,pour,5
295,44,5,trestut,trestut,44,QIs,QIs,C/V\.'C/V\,ADJ|ADV|DET|NUM|PRON,trétut,-10
296,44,6,sun,sun,44,Det,Det,C/V\,DET,son,5
297,44,7,lin,lin,44,N,N,C/V\,NOUN,lin,3
298,44,8,",",",",44,Pnc,Pnc,,PUNCT,",",9
299,45,1,E,e,45,Crd,Crd,/V\,CCONJ,et,5
300,45,2,pur,pur,45,Pre,Pre,C/V\,ADP,pour,5
301,45,3,les,les,45,Det,Det,C/V\,DET,le,8
302,45,4,morz,morz,45,Vpp,Vpp,C/V\,VERB,mort,3
303,45,5,e,e,45,Crd,Crd,/V\,CCONJ,et,5
304,45,6,pur,pur,45,Pre,Pre,C/V\,ADP,pour,5
305,45,7,les,les,45,Det,Det,C/V\,DET,le,8
306,45,8,vifs,vifs,45,Adj,Adj,C/V\,ADJ,vif,8
307,45,9,",",",",45,Pnc,Pnc,,PUNCT,",",9
308,46,1,Quer,quer,46,Crd,Crd,C/V\,CCONJ,car,5
309,46,2,a,a,46,Pre,Pre,/V\,ADP,à,3
310,46,3,trestuz,trestuz,46,QIs,QIs,C/V\.'C/V\,ADJ|ADV|DET|NUM|PRON,trétu,-10
311,46,4,ert,ert,46,Vfin,Vfin,/V\,VERB,être,6
312,46,5,amis,amis,46,N,N,/V\.'C/V\,NOUN,ami,3
313,46,6,.,.,46,Pnc,Pnc,,PUNCT,.,9
314,47,1,Mais,mais,47,Crd,Crd,C/V\,CCONJ,mais,8
315,47,2,de,de,47,Pre,Pre,C/(e)\,ADP,de,8
316,47,3,une,une,47,QIs,QIs,'/V\.C/(e)\,DET,un,3
317,47,4,rien,rien,47,N,N,C/V\,PROPN|NOUN,rien,8
318,47,5,li,li,47,Prn,Prn$$,C/V\,PRON,lui,3
319,47,6,prist,prist,47,Vfin,Vfin,C/V\,VERB,prendre,3
320,47,7,talent,talent,47,N,N,C/V\.'C/V\,NOUN,talent,9
321,48,1,Dunt,dunt,48,Qux,Qux,C/V\,ADJ|ADV|DET|PRON,dun,0
322,48,2,Deu,deu,48,N,N,C/V\,PROPN,Dieu,5
323,48,3,prïer,prier,48,Vinf,Vinf,C/V\.'C/V\,VERB,prier,9
324,48,4,prent,prent,48,Vfin,Vfin,C/V\,VERB,prendre,3
325,48,5,plus,plus,48,Adv,Adv,C/V\,ADV,plus,8
326,48,6,suvent,suvent,48,Adv,Adv,C/V\.'C/V\,ADV,souvent,5
327,49,1,Que,que,49,Sub,Sub,C/(e)\,SCONJ,que,3
328,49,2,lui,lui,49,Prn,Prn$$,C/V\,PRON,lui,8
329,49,3,mustrast,mustrast,49,Vfin,Vfin,C/V\.'C/V\,VERB,mûtrer,-10
330,49,4,cel,cel,49,Dem,Dem,C/V\,DET,cil,3
331,49,5,paraïs,parais,49,N,N,C/V\.C/V\.'C/V\,NOUN,paradis,6
332,50,1,U,u,50,Qux,Qux,/V\,ADJ|ADV|DET|PRON,un,3
333,50,2,Adam,adam,50,N,N,/V\.'C/V\,PROPN,Adam,9
334,50,3,fud,fud,50,Vfin,Vfin,C/V\,VERB,être,6
335,50,4,primes,primes,50,Adv,Adv,'C/V\.C/e\,ADV,primer,0
336,50,5,asis,asis,50,Vpp,Vpp,/V\.'C/V\,VERB,asseoir,9
337,50,6,",",",",50,Pnc,Pnc,,PUNCT,",",9
338,51,1,Icel,icel,51,Dem,Dem,/V\.'C/V\,PRON,cil,3
339,51,2,qui,qui,51,Qux,Qux,C/V\,PRON,qui,3
340,51,3,est,est,51,Vfin,Vfin,/V\,VERB,être,3
341,51,4,nostre,nostre,51,Det,Det,'C/V\.C/(e)\,DET,notre,8
342,51,5,heritét,heritét,51,N,N,/V\.C/V\.'C/V\,NOUN,hérité,0
343,52,1,Dun,dun,52,Qux,Qux,C/V\,DET,dun,3
344,52,2,nus,nus,52,Prn,Prn$,C/V\,PRON,nus,-10
345,52,3,fumes,fumes,52,Vfin,Vfin,'C/V\.C/e\,VERB,fume,0
346,52,4,deseritét,deseritét,52,Vpp,Vpp,C/V\.C/V\.C/V\.'C/V\,VERB,désériter,-10
347,52,5,.,.,52,Pnc,Pnc,,PUNCT,.,9
348,53,1,Bien,bien,53,Adv,Adv,C/V\,ADV,bien,8
349,53,2,creit,creit,53,Vfin,Vfin,C/V\,VERB,croire,9
350,53,3,qu',qu',53,Sub,Sub,C/\,SCONJ,que,8
351,53,4,ileoc,ileoc,53,Adv,Adv,/V\.'C/V\,ADV,illuec,8
352,53,5,ad,ad,53,Vfin,Vfin,/V\,VERB,avoir,5
353,53,6,grant,grant,53,Adj,Adj,C/V\,ADJ,grand,8
354,53,7,glorie,glorie,53,N,N,'C/V\./(e)\,NOUN,gloire,6
355,53,8,",",",",53,Pnc,Pnc,,PUNCT,",",9
356,54,1,Si,si,54,Adv,Adv,C/V\,ADV,si,8
357,54,2,cum,cum,54,Sub,Sub,C/V\,SCONJ,comme,5
358,54,3,nus,nus,54,Prn,Prn$$,C/V\,PRON,nus,-10
359,54,4,dit,dit,54,Vfin,Vfin,C/V\,VERB,dire,8
360,54,5,veir',veir',54,Adj,Adj,C/V\,ADJ,vire,0
361,54,6,estorie,estorie,54,N,N,/V\.'C/V\./(e)\,NOUN,estorier,2
362,54,7,",",",",54,Pnc,Pnc,,PUNCT,",",9
363,55,1,Mais,mais,55,Crd,Crd,C/V\,CCONJ,mais,8
364,55,2,nepurtant,nepurtant,55,Adv,Adv,C/e\.C/V\.'C/V\,ADV,nonpourtant,6
365,55,3,voldret,voldret,55,Vfin,Vfin,'C/V\.C/e\,VERB,vouloir,9
366,55,4,vetheir,vetheir,55,Vinf,Vinf,C/V\.'C/V\,VERB,voir,6
367,56,1,U,u,56,Qux,Qux,/V\,ADJ|ADV|DET|PRON,u,0
368,56,2,il,il,56,Prn,Prn$,/V\,PRON,il,9
369,56,3,devreit,devreit,56,Vfin,Vfin,C/V\.'C/V\,VERB,devoir,6
370,56,4,par,par,56,Pre,Pre,C/V\,ADP,par,8
371,56,5,dreit,dreit,56,N,N,C/V\,PROPN|NOUN,droit,5
372,56,6,setheir,setheir,56,Vinf,Vinf,C/V\.'C/V\,VERB,seoir,6
373,56,7,",",",",56,Pnc,Pnc,,PUNCT,",",9
374,57,1,Mais,mais,57,Crd,Crd,C/V\,CCONJ,mais,8
375,57,2,par,par,57,Pre,Pre,C/V\,ADP,par,8
376,57,3,peccét,peccét,57,N,N,C/V\.'C/V\,PROPN|NOUN,pecté,-10
377,57,4,Adam,adam,57,N,N,/V\.'C/V\,PROPN,Adam,9
378,57,5,forfist,forfist,57,Vfin,Vfin,C/V\.'C/V\,VERB,forfaire,6
379,57,6,",",",",57,Pnc,Pnc,,PUNCT,",",9
380,58,1,Pur,pur,58,Pre,Pre,C/V\,ADP,pour,5
381,58,2,quei,quei,58,Qux,Qux,C/V\,PRON,que,0
382,58,3,e,e,58,Crd,Crd,/V\,CCONJ,et,5
383,58,4,sei,sei,58,Prn,Prn,C/V\,PRON,soi,5
384,58,5,e,e,58,Crd,Crd,/V\,CCONJ,et,5
385,58,6,nus,nus,58,QIs,QIs,C/V\,PRON,nus,-10
386,58,7,fors,fors,58,PrA,PrA,C/V\,ADV,fors,3
387,58,8,mist,mist,58,Vfin,Vfin,C/V\,VERB,mettre,3
388,58,9,.,.,58,Pnc,Pnc,,PUNCT,.,9
389,59,1,Deu,deu,59,N,N,C/V\,PROPN,Dieu,5
390,59,2,en,en,59,Prn,Prn$$,/V\,PRON,en,3
391,59,3,prïet,priet,59,Vfin,Vfin,'C/V\./(e)\,VERB,prier,9
392,59,4,tenablement,tenablement,59,Adv,Adv,C/V\.C/V\.C/e\.'C/V\,ADV,tenablement,9
393,60,1,Cel,cel,60,Dem,Dem,C/V\,PRON,cil,3
394,60,2,lui,lui,60,Prn,Prn$$,C/V\,PRON,lui,8
395,60,3,mustret,mustret,60,Vfin,Vfin,'C/V\.C/e\,VERB,montrer,9
396,60,4,veablement,veablement,60,Adv,Adv,C/(V)\./V\.C/e\.'C/V\,ADV,voyablement,9
397,60,5,.,.,60,Pnc,Pnc,,PUNCT,.,9
398,61,1,Ainz,ainz,61,PrA,PrA,/V\,ADV,ains,8
399,61,2,qu',qu',61,Sub,Sub,C/\,SCONJ,que,8
400,61,3,il,il,61,Prn,Prn$,/V\,PRON,il,9
401,61,4,murget,murget,61,Vfin,Vfin,'C/V\.C/e\,VERB,mourir,6
402,61,5,voldreit,voldreit,61,Vfin,Vfin,C/V\.'C/V\,VERB,vouloir,9
403,61,6,vetheir,vetheir,61,Vinf,Vinf,C/V\.'C/V\,VERB,voir,6
404,62,1,Quel,quel,62,Qux,Qux,C/V\,ADJ|ADV|DET|PRON,quel,5
405,62,2,séd,séd,62,N,N,C/V\,PROPN|NOUN,séd,-10
406,62,3,li,li,62,Det,Det,C/V\,DET,le,3
407,62,4,bon,bon,62,Adj,Adj,C/V\,ADJ,bon,8
408,62,5,devrunt,devrunt,62,Vfin,Vfin,C/V\.'C/V\,VERB,devoir,9
409,62,6,aveir,aveir,62,Vinf,Vinf,/V\.'C/V\,VERB,avoir,8
410,62,7,",",",",62,Pnc,Pnc,,PUNCT,",",9
411,63,1,Quel,quel,63,Qux,Qux,C/V\,ADJ|ADV|DET|PRON,quel,8
412,63,2,lu,lu,63,N,N,C/V\,PROPN|NOUN,lu,-10
413,63,3,li,li,63,Det,Det,C/V\,DET,le,3
414,63,4,mal,mal,63,N,N,C/V\,NOUN,mal,8
415,63,5,aveir,aveir,63,Vinf,Vinf,/V\.'C/V\,VERB,avoir,8
416,63,6,devrunt,devrunt,63,Vfin,Vfin,C/V\.'C/V\,VERB,devoir,9
417,63,7,",",",",63,Pnc,Pnc,,PUNCT,",",9
418,64,1,Quel,quel,64,Qux,Qux,C/V\,DET,quel,8
419,64,2,merite,merite,64,N,N,C/V\.'C/V\.C/(e)\,NOUN,mérite,8
420,64,3,il,il,64,Prn,Prn$,/V\,PRON,il,9
421,64,4,recevrunt,recevrunt,64,Vfin,Vfin,C/V\.C/e\.'C/V\,VERB,recevoir,9
422,64,5,.,.,64,Pnc,Pnc,,PUNCT,.,9
423,65,1,Enfern,enfern,65,N,N,/V\.'C/V\,NOUN,enfer,6
424,65,2,prïed,pried,65,Vfin,Vfin,'C/V\./e\,VERB,prier,6
425,65,3,vetheir,vetheir,65,Vinf,Vinf,C/V\.'C/V\,VERB,voir,6
426,65,4,oveoc,oveoc,65,PrA,PrA,/V\.'C/V\,ADP,avec,8
427,66,1,E,e,66,Crd,Crd,/V\,CCONJ,et,5
428,66,2,quels,quels,66,Qux,Qux,C/V\,DET,quel,8
429,66,3,peines,peines,66,N,N,'C/V\.C/e\,NOUN,peine,8
430,66,4,avrunt,avrunt,66,Vfin,Vfin,/V\.'C/V\,VERB,avoir,9
431,66,5,ileoc,ileoc,66,Adv,Adv,/V\.'C/V\,ADV,illuec,8
432,67,1,Icil,icil,67,Dem,Dem,/V\.'C/V\,DET,cil,3
433,67,2,felun,felun,67,Adj,Adj,C/V\.'C/V\,ADJ,félon,5
434,67,3,qui,qui,67,Qux,Qux,C/V\,PRON,qui,3
435,67,4,par,par,67,Pre,Pre,C/V\,ADP,par,8
436,67,5,orguil,orguil,67,N,N,/V\.'C/V\,NOUN,orgueil,9
437,68,1,Ici,ici,68,Adv,Adv,/V\.'C/V\,ADV,ici,9
438,68,2,prennent,prennent,68,Vfin,Vfin,'C/V\.C/e\,VERB,prendre,9
439,68,3,par,par,68,Pre,Pre,C/V\,ADP,par,8
440,68,4,eols,eols,68,N,N,/V\,PROPN|NOUN,el,0
441,68,5,escuil,escuil,68,N,N,/V\.'C/V\,NOUN,escueil,6
442,69,1,De,de,69,Pre,Pre,C/(e)\,ADP,de,8
443,69,2,guerrëer,guerreer,69,Vinf,Vinf,C/V\.C/(V)\.'/V\,VERB,guerrier,0
444,69,3,Deu,deu,69,N,N,C/V\,PROPN,Dieu,5
445,69,4,e,e,69,Crd,Crd,/V\,CCONJ,et,5
446,69,5,la,la,69,Det,Det,C/V\,DET,le,3
447,69,6,lei,lei,69,N,N,C/V\,NOUN,lei,-10
448,69,7,;,;,69,Pnc,Pnc,,PUNCT,;,9
449,70,1,Ne,ne,70,Crd,Crd,C/(e)\,CCONJ,ne,8
450,70,2,entre,entre,70,PrA,PrA,'/V\.C/(e)\,ADP|ADV,entre,5
451,70,3,eols,eols,70,Prn,Prn,/V\,PRON,eux,0
452,70,4,nen,nen,70,Neg,Neg$$,C/V\,ADV,ne,5
453,70,5,unt,unt,70,Vfin,Vfin,/V\,VERB,avoir,5
454,70,6,amur,amur,70,N,N,/V\.'C/V\,NOUN,amour,6
455,70,7,ne,ne,70,Crd,Crd,C/(e)\,CCONJ,ne,8
456,70,8,fai,fai,70,N,N,C/V\,PROPN|NOUN,faire,4
457,70,9,.,.,70,Pnc,Pnc,,PUNCT,.,9
458,71,1,Iço,iço,71,Prn,Prn,/V\.'C/V\,PRON,is,-10
459,71,2,dunt,dunt,71,Qux,Qux,C/V\,ADJ|ADV|DET|PRON,duner,-10
460,71,3,lui,lui,71,Prn,Prn,C/V\,PRON,lui,8
461,71,4,pris,pris,71,Vpp,Vpp,C/V\,VERB,prendre,3
462,71,5,est,est,71,Vfin,Vfin,/V\,VERB,être,3
463,71,6,desir,desir,71,N,N,C/V\.'C/V\,NOUN,désir,8
464,72,1,Voldrat,voldrat,72,Vfin,Vfin,C/V\.'C/V\,VERB,vouloir,6
465,72,2,Brandans,brandans,72,N,N,C/V\.'C/V\,PROPN,Brandant,-10
466,72,3,par,par,72,Pre,Pre,C/V\,ADP,par,8
467,72,4,Deu,deu,72,N,N,C/V\,PROPN,Dieu,5
468,72,5,sentir,sentir,72,Vinf,Vinf,C/V\.'C/V\,VERB,sentir,9
469,72,6,.,.,72,Pnc,Pnc,,PUNCT,.,9
470,73,1,Od,od,73,Pre,Pre,/V\,ADP,o,5
471,73,2,sei,sei,73,Prn,Prn,C/V\,PRON,soi,5
472,73,3,primes,primes,73,Adv,Adv,'C/V\.C/e\,ADV,primer,0
473,73,4,cunseil,cunseil,73,N,N,C/V\.'C/V\,NOUN,conseil,6
474,73,5,en,en,73,Prn,Prn$$,/V\,PRON,en,3
475,73,6,prent,prent,73,Vfin,Vfin,C/V\,VERB,prendre,3
476,74,1,Qu',qu',74,Sub,Sub,C/\,SCONJ,que,8
477,74,2,a,a,74,Pre,Pre,/V\,ADP,à,3
478,74,3,un,un,74,QIs,QIs,/V\,DET,un,3
479,74,4,Deu,deu,74,N,N,C/V\,PROPN|NOUN,de.le,0
480,74,5,serf,serf,74,N,N,C/V\,PROPN|NOUN,serf,3
481,74,6,confés,confés,74,Adj,Adj,C/V\.'C/V\,ADJ,confès,5
482,74,7,se,se,74,Prn,Prn$$,C/(e)\,PRON,se,3
483,74,8,rent,rent,74,Vfin,Vfin,C/V\,VERB,rendre,8
484,74,9,.,.,74,Pnc,Pnc,,PUNCT,.,9
485,75,1,Barinz,barinz,75,N,N,C/V\.'C/V\,PROPN,Barin,-10
486,75,2,out,out,75,Vfin,Vfin,/V\,VERB,ouïr,3
487,75,3,nun,nun,75,N,N,C/V\,NOUN,nun,3
488,75,4,cil,cil,75,Dem,Dem,C/V\,DET,cil,8
489,75,5,ermite,ermite,75,N,N,/V\.'C/V\.C/(e)\,NOUN,ermite,8
490,75,6,;,;,75,Pnc,Pnc,,PUNCT,;,9
491,76,1,Murs,murs,76,N,N,C/V\,PROPN|NOUN,murs,-10
492,76,2,out,out,76,Vfin,Vfin,/V\,VERB,ouïr,3
493,76,3,bons,bons,76,Adj,Adj,C/V\,ADJ,bon,8
494,76,4,e,e,76,Crd,Crd,/V\,CCONJ,et,5
495,76,5,sainte,sainte,76,Adj,Adj,'C/V\.C/(e)\,ADJ,saint,3
496,76,6,vitte,vitte,76,N,N,'C/V\.C/(e)\,NOUN,vitte,5
497,76,7,.,.,76,Pnc,Pnc,,PUNCT,.,9
498,77,1,Li,li,77,Det,Det,C/V\,DET,le,3
499,77,2,fedeilz,fedeilz,77,Adj,Adj,C/V\.'C/V\,ADJ,fédeil,-10
500,77,3,Deu,deu,77,N,N,C/V\,PROPN,Dieu,5
501,77,4,en,en,77,Pre,Pre,/V\,ADP,en,3
502,77,5,bois,bois,77,N,N,C/V\,NOUN,bois,8
503,77,6,estout,estout,77,Vfin,Vfin,/V\.'C/V\,VERB,étouir,-10
504,77,7,",",",",77,Pnc,Pnc,,PUNCT,",",9
505,78,1,Tres,tres,78,QIs,QIs,C/V\,ADV,très,8
506,78,2,cenz,cenz,78,QIs,QIs,C/V\,ADJ|ADV|DET|NUM|PRON,cent,8
507,78,3,moines,moines,78,N,N,'C/V\.C/e\,PROPN|NOUN,moine,5
508,78,4,od,od,78,Pre,Pre,/V\,ADP,o,5
509,78,5,lui,lui,78,Prn,Prn,C/V\,PRON,lui,8
510,78,6,out,oüt,78,Vfin,Vfin,/V\.'C/V\,VERB,ouïr,3
511,78,7,;,;,78,Pnc,Pnc,,PUNCT,;,9
512,79,1,De,de,79,Pre,Pre,C/(e)\,ADP,de,8
513,79,2,lui,lui,79,Prn,Prn,C/V\,PRON,lui,8
514,79,3,prendrat,prendrat,79,Vfin,Vfin,C/V\.'C/V\,VERB,prendre,9
515,79,4,conseil,conseil,79,N,N,C/V\.'C/V\,NOUN,conseil,3
516,79,5,e,e,79,Crd,Crd,/V\,CCONJ,et,5
517,79,6,los,los,79,N,N,C/V\,NOUN,los,3
518,79,7,",",",",79,Pnc,Pnc,,PUNCT,",",9
519,80,1,De,de,80,Pre,Pre,C/(e)\,ADP,de,8
520,80,2,lui,lui,80,Prn,Prn,C/V\,PRON,lui,8
521,80,3,voldrat,voldrat,80,Vfin,Vfin,C/V\.'C/V\,VERB,vouloir,9
522,80,4,aveir,aveir,80,Vinf,Vinf,/V\.'C/V\,VERB,avoir,8
523,80,5,ados,ados,80,N,N,/V\.'C/V\,NOUN,adoub,5
524,80,6,.,.,80,Pnc,Pnc,,PUNCT,.,9
525,81,1,Cil,cil,81,Dem,Dem,C/V\,PRON,cil,8
526,81,2,li,li,81,Prn,Prn$$,C/V\,PRON,lui,3
527,81,3,mustrat,mustrat,81,Vfin,Vfin,C/V\.'C/V\,VERB,mustrer,-10
528,81,4,par,par,81,Pre,Pre,C/V\,ADP,par,8
529,81,5,plusurs,plusurs,81,QIs,QIs,C/V\.'C/V\,PRON,plusieurs,5
530,81,6,diz,diz,81,N,N,C/V\,NOUN,dit,3
531,81,7,",",",",81,Pnc,Pnc,,PUNCT,",",9
532,82,1,Beals,beals,82,Adj,Adj,C/V\,ADJ,beau,6
533,82,2,ensamples,ensamples,82,N,N,/V\.'C/V\.C/e\,NOUN,ensemple,-10
534,82,3,e,e,82,Crd,Crd,/V\,CCONJ,et,5
535,82,4,bons,bons,82,Adj,Adj,C/V\,ADJ,bon,8
536,82,5,respiz,respiz,82,N,N,C/V\.'C/V\,NOUN,répit,9
537,82,6,",",",",82,Pnc,Pnc,,PUNCT,",",9
538,83,1,Qu',qu',83,Sub,Sub,C/\,SCONJ,que,8
539,83,2,il,il,83,Prn,Prn$,/V\,PRON,il,9
540,83,3,vit,vit,83,Vfin,Vfin,C/V\,VERB,voir,3
541,83,4,en,en,83,Pre,Pre,/V\,ADP,en,3
542,83,5,mer,mer,83,N,N,C/V\,NOUN,mer,8
543,83,6,e,e,83,Crd,Crd,/V\,CCONJ,et,5
544,83,7,en,en,83,Pre,Pre,/V\,ADP,en,3
545,83,8,terre,terre,83,N,N,'C/V\.C/(e)\,NOUN,terre,8
546,84,1,Quant,quant,84,Sub,Sub,C/V\,SCONJ,quand,3
547,84,2,son,son,84,Det,Det,C/V\,DET,son,8
548,84,3,filiol,filiol,84,N,N,C/V\.'C/V\,NOUN,filliol,-10
549,84,4,alat,alat,84,Vfin,Vfin,/V\.'C/V\,VERB,aller,9
550,84,5,querre,querre,84,Vinf,Vinf,'C/V\.C/(e)\,VERB,quérir,3
551,84,6,:,:,84,Pnc,Pnc,,PUNCT,:,9
552,85,1,Ço,ço,85,Prn,Prn,C/V\,PRON,ce,5
553,85,2,fud,fud,85,Vfin,Vfin,C/V\,VERB,être,6
554,85,3,Mernoc,mernoc,85,N,N,C/V\.'C/V\,PROPN,Mernoc,-10
555,85,4,qui,qui,85,Qux,Qux,C/V\,PRON,qui,3
556,85,5,fud,fud,85,Vfin,Vfin,C/V\,VERB,être,6
557,85,6,frerre,frerre,85,N,N,'C/V\.C/(e)\,NOUN,frère,6
558,86,1,Del,del,86,Pre+Det,Pre+Det,C/V\,ADP.DET,de.le,3
559,86,2,liu,liu,86,N,N,C/V\,NOUN,lieu,5
560,86,3,u,u,86,Qux,Qux,/V\,ADJ|ADV|DET|PRON,en.le,0
561,86,4,cist,cist,86,Dem,Dem,C/V\,DET|PRON,cist,5
562,86,5,abes,abes,86,N,N,'/V\.C/e\,NOUN,abbé,6
563,86,6,ere,ere,86,Vfin,Vfin,'/V\.C/(e)\,VERB,ère,-10
564,86,7,",",",",86,Pnc,Pnc,,PUNCT,",",9
565,87,1,Mais,mais,87,Crd,Crd,C/V\,CCONJ,mais,8
566,87,2,de,de,87,Pre,Pre,C/(e)\,ADP,de,8
567,87,3,ço,ço,87,Prn,Prn,C/V\,PRON,ce,5
568,87,4,fud,fud,87,Vfin,Vfin,C/V\,VERB,être,6
569,87,5,mult,mult,87,QIs,QIs,C/V\,ADV,moult,5
570,87,6,voluntif,voluntif,87,Adj,Adj,C/V\.C/V\.'C/V\,ADJ,volentif,6
571,88,1,Que,que,88,Sub,Sub,C/(e)\,SCONJ,que,3
572,88,2,fust,fust,88,Vfin,Vfin,C/V\,VERB,être,3
573,88,3,ailurs,ailurs,88,Adv,Adv,/V\.'C/V\,ADV,ailleurs,6
574,88,4,e,e,88,Crd,Crd,/V\,CCONJ,et,5
575,88,5,plus,plus,88,Adv,Adv,C/V\,ADV,plus,8
576,88,6,sultif,sultif,88,Adj,Adj,C/V\.'C/V\,ADJ,soutif,6
577,88,7,.,.,88,Pnc,Pnc,,PUNCT,.,9
578,89,1,Par,par,89,Pre,Pre,C/V\,ADP,par,8
579,89,2,sun,sun,89,Det,Det,C/V\,DET,son,5
580,89,3,abéth,abéth,89,N,N,/V\.'C/V\,NOUN,UNKNOWN,-10
581,89,4,e,e,89,Crd,Crd,/V\,CCONJ,et,5
582,89,5,sun,sun,89,Det,Det,C/V\,DET,son,5
583,89,6,parain,parain,89,N,N,C/V\.'C/V\,NOUN,parrain,6
584,90,1,En,en,90,Pre,Pre,/V\,ADP,en,3
585,90,2,mer,mer,90,N,N,C/V\,NOUN,mer,8
586,90,3,se,se,90,Prn,Prn$$,C/(e)\,PRON,se,3
587,90,4,mist,mist,90,Vfin,Vfin,C/V\,VERB,mettre,3
588,90,5,e,e,90,Crd,Crd,/V\,CCONJ,et,5
589,90,6,nun,nun,90,Neg,Neg,C/V\,ADV,non,5
590,90,7,en,en,90,Pre,Pre,/V\,ADP,en,3
591,90,8,vain,vain,90,Adj,Adj,C/V\,ADJ,vain,3
592,90,9,",",",",90,Pnc,Pnc,,PUNCT,",",9
593,91,1,Quer,quer,91,Crd,Crd,C/V\,CCONJ,car,5
594,91,2,puis,puis,91,PrA,PrA,C/V\,ADV,puis,8
595,91,3,devint,devint,91,Vfin,Vfin,C/V\.'C/V\,VERB,devenir,9
596,91,4,en,en,91,Pre,Pre,/V\,ADP,en,3
597,91,5,itel,itel,91,Adj,Adj,/V\.'C/V\,ADJ,itel,5
598,91,6,liu,liu,91,N,N,C/V\,NOUN,lieu,5
599,92,1,U,u,92,Qux,Qux,/V\,ADJ|ADV|DET|PRON,u,0
600,92,2,nuls,nuls,92,QIs,QIs,C/V\,PRON,nul,8
601,92,3,n',n',92,Neg,Neg$$,C/\,ADV,ne,8
602,92,4,entret,entret,92,Vfin,Vfin,'/V\.C/e\,VERB,entrer,8
603,92,5,fors,fors,92,PrA,PrA,C/V\,ADV,fors,3
604,92,6,sul,sul,92,Adv,Adv,C/V\,ADV,seul,5
605,92,7,li,li,92,Det,Det,C/V\,DET,le,3
606,92,8,piu,piu,92,Adj,Adj,C/V\,ADJ,piu,9
607,92,9,:,:,92,Pnc,Pnc,,PUNCT,:,9
608,93,1,Ço,ço,93,Prn,Prn,C/V\,PRON,ce,5
609,93,2,fud,fud,93,Vfin,Vfin,C/V\,VERB,être,6
610,93,3,en,en,93,Pre,Pre,/V\,ADP,en,3
611,93,4,mer,mer,93,N,N,C/V\,NOUN,mer,8
612,93,5,en,en,93,Pre,Pre,/V\,ADP,en,3
613,93,6,un,un,93,QIs,QIs,/V\,DET,un,3
614,93,7,isle,isle,93,N,N,'/V\.C/(e)\,NOUN,île,9
615,94,1,U,u,94,Qux,Qux,/V\,DET,un,8
616,94,2,mals,mals,94,Adj,Adj,C/V\,ADJ,mal,8
617,94,3,orrez,orrez,94,N,N,/V\.'C/V\,PROPN|NOUN,ouïr,4
618,94,4,nuls,nuls,94,QIs,QIs,C/V\,PRON,nul,8
619,94,5,ne,ne,94,Neg,Neg$$,C/(e)\,ADV,ne,8
620,94,6,cisle,cisle,94,Vfin,Vfin,'C/V\.C/(e)\,VERB,cile,-10
621,94,7,",",",",94,Pnc,Pnc,,PUNCT,",",9
622,95,1,U,u,95,Qux,Qux,/V\,ADJ|ADV|DET|PRON,u,0
623,95,2,fud,fud,95,Vfin,Vfin,C/V\,VERB,être,6
624,95,3,poüz,pouz,95,Vpp,Vpp,C/(V)\.'/V\,VERB,pos,0
625,95,4,de,de,95,Pre,Pre,C/(e)\,ADP,de,8
626,95,5,cel,cel,95,Dem,Dem,C/V\,DET,cil,3
627,95,6,odur,odur,95,N,N,/V\.'C/V\,NOUN,odur,-10
628,96,1,Que,que,96,Qux,Qux,C/(e)\,ADJ|ADV|DET|PRON,que,8
629,96,2,en,en,96,Pre,Pre,/V\,ADP,en,3
630,96,3,paraïs,parais,96,N,N,C/V\.C/V\.'C/V\,NOUN,paradis,6
631,96,4,gettent,gettent,96,Vfin,Vfin,'C/V\.C/e\,VERB,jeter,9
632,96,5,li,li,96,Det,Det,C/V\,DET,le,3
633,96,6,flur,flur,96,N,N,C/V\,NOUN,fleur,9
634,96,7,",",",",96,Pnc,Pnc,,PUNCT,",",9
635,97,1,Quer,quer,97,Crd,Crd,C/V\,CCONJ,car,5
636,97,2,cel,cel,97,Dem,Dem,C/V\,DET,cil,3
637,97,3,isle,isle,97,N,N,'/V\.C/(e)\,NOUN,île,9
638,97,4,tant,tant,97,QIs,QIs,C/V\,ADV,tant,8
639,97,5,pres,pres,97,PrA,PrA,C/V\,ADV,près,8
640,97,6,en,en,97,Prn,Prn$$,/V\,PRON,en,3
641,97,7,fud,fud,97,Vfin,Vfin,C/V\,VERB,être,6
642,97,8,",",",",97,Pnc,Pnc,,PUNCT,",",9
643,98,1,U,u,98,Qux,Qux,/V\,ADJ|ADV|DET|PRON,un,3
644,98,2,sainz,sainz,98,Adj,Adj,C/V\,ADJ,sain,3
645,98,3,Mernoc,mernoc,98,N,N,C/V\.'C/V\,PROPN,Mernoc,-10
646,98,4,esteit,esteit,98,Vfin,Vfin,/V\.'C/V\,VERB,être,3
647,98,5,curud,curud,98,Vpp,Vpp,C/V\.'C/V\,VERB,courir,6
648,98,6,:,:,98,Pnc,Pnc,,PUNCT,:,9
649,99,1,De,de,99,Pre,Pre,C/(e)\,ADP,de,8
650,99,2,paraïs,parais,99,N,N,C/V\.C/V\.'C/V\,NOUN,paradis,6
651,99,3,out,out,99,Vfin,Vfin,/V\,VERB,ouïr,3
652,99,4,la,la,99,Det,Det,C/V\,DET,le,3
653,99,5,vie,vie,99,N,N,'C/V\./(e)\,NOUN,vie,3
654,100,1,E,e,100,Crd,Crd,/V\,CCONJ,et,5
655,100,2,des,des,100,Pre+Det,Pre+Det,C/V\,ADP.DET,de.le,3
656,100,3,angeles,anges,100,N,N,'/V\.C/e\,NOUN,ange,6
657,100,4,out,out,100,Vfin,Vfin,/V\,VERB,ouïr,3
658,100,5,l',l',100,Det,Det,C/\,DET,le,8
659,100,6,oïde,oïde,100,N,N,/V\.'C/V\.C/(e)\,NOUN,oide,-10
660,100,7,.,.,100,Pnc,Pnc,,PUNCT,.,9
661,101,1,E,e,101,Crd,Crd,/V\,CCONJ,et,5
662,101,2,puis,puis,101,PrA,PrA,C/V\,ADV,puis,8
663,101,3,Barinz,barinz,101,N,N,C/V\.'C/V\,PROPN,Barin,-10
664,101,4,la,la,101,Adv,Adv,C/V\,ADV,là,8
665,101,5,le,le,101,Prn,Prn$$,C/(e)\,PRON,le,8
666,101,6,requist,requist,101,Vfin,Vfin,C/V\.'C/V\,VERB,requérir,9
667,102,1,U,u,102,Qux,Qux,/V\,ADJ|ADV|DET|PRON,u,0
668,102,2,vit,vit,102,Vfin,Vfin,C/V\,VERB,voir,3
669,102,3,iço,iço,102,Prn,Prn,/V\.'C/V\,PRON,ce,11
670,102,4,qu',qu',102,Qux,Qux,C/\,ADJ|ADV|DET|PRON,que,3
671,102,5,a,a,102,Pre,Pre,/V\,ADP,à,3
672,102,6,Brandan,brandan,102,N,N,C/V\.'C/V\,PROPN,Brandan,-10
673,102,7,dist,dist,102,Vfin,Vfin,C/V\,VERB,dire,9
674,102,8,.,.,102,Pnc,Pnc,,PUNCT,.,9
675,103,1,Quant,quant,103,Sub,Sub,C/V\,SCONJ,quand,3
676,103,2,ot,ot,103,Vfin,Vfin,/V\,VERB,avoir,3
677,103,3,Brandan,brandan,103,N,N,C/V\.'C/V\,PROPN,Brandan,-10
678,103,4,la,la,103,Det,Det,C/V\,DET,le,3
679,103,5,veüe,veüe,103,N,N,C/(V)\.'/V\./(e)\,NOUN,vue,3
680,104,1,Que,que,104,Qux,Qux,C/(e)\,PRON,que,8
681,104,2,cist,cist,104,Dem,Dem,C/V\,DET|PRON,cist,5
682,104,3,out,out,104,Vfin,Vfin,/V\,VERB,ouïr,3
683,104,4,la,la,104,Adv,Adv,C/V\,ADV,là,5
684,104,5,receüe,receue,104,Vpp,Vpp,C/V\.C/(V)\.'/V\./(e)\,VERB,recevoir,6
685,104,6,",",",",104,Pnc,Pnc,,PUNCT,",",9
686,105,1,De,de,105,Pre,Pre,C/(e)\,ADP,de,8
687,105,2,meilz,meilz,105,Adv,Adv,C/V\,ADV,mieux,5
688,105,3,en,en,105,Prn,Prn$$,/V\,PRON,en,3
689,105,4,creit,creit,105,Vfin,Vfin,C/V\,VERB,croire,9
690,105,5,le,le,105,Det,Det,C/(e)\,DET,le,8
691,105,6,soen,soen,105,Adj,Adj,C/V\,ADJ,sien,5
692,105,7,conseil,conseil,105,N,N,C/V\.'C/V\,NOUN,conseil,3
693,106,1,E,e,106,Crd,Crd,/V\,CCONJ,et,5
694,106,2,plus,plus,106,Adv,Adv,C/V\,ADV,plus,8
695,106,3,enprent,enprent,106,Vfin,Vfin,/V\.'C/V\,VERB,emprendre,6
696,106,4,sun,sun,106,Det,Det,C/V\,DET,son,5
697,106,5,apareil,apareil,106,N,N,/V\.C/V\.'C/V\,NOUN,appareil,9
698,106,6,.,.,106,Pnc,Pnc,,PUNCT,.,9
699,107,1,De,de,107,Pre,Pre,C/(e)\,ADP,de,8
700,107,2,ses,ses,107,Det,Det,C/V\,DET,son,8
701,107,3,munies,munies,107,N,N,'C/V\./e\,NOUN,moine,5
702,107,4,quatorze,quatorze,107,QIs,QIs,C/V\.'C/V\.C/(e)\,PRON,quatorze,3
703,107,5,eslist,eslist,107,Vfin,Vfin,/V\.'C/V\,VERB,élire,9
704,107,6,",",",",107,Pnc,Pnc,,PUNCT,",",9
705,108,1,Tuz,tuz,108,QIs,QIs,C/V\,PRON,tu,0
706,108,2,les,les,108,Det,Det,C/V\,DET,le,8
707,108,3,meilurs,meilurs,108,Adj,Adj,C/V\.'C/V\,ADJ,meilleur,9
708,108,4,qu',qu',108,Sub,Sub,C/\,SCONJ,que,8
709,108,5,il,il,108,Prn,Prn$,/V\,PRON,il,9
710,108,6,i,i,108,Prn,Prn$$,/V\,PRON,y,3
711,108,7,vit,vit,108,Vfin,Vfin,C/V\,VERB,voir,3
712,108,8,",",",",108,Pnc,Pnc,,PUNCT,",",9
713,109,1,E,e,109,Crd,Crd,/V\,CCONJ,et,5
714,109,2,dit,dit,109,Vpp,Vpp,C/V\,VERB,dire,8
715,109,3,lur,lur,109,Prn,Prn$$,C/V\,PRON,leur,5
716,109,4,ad,ad,109,Vfin,Vfin,/V\,VERB,avoir,5
717,109,5,le,le,109,Det,Det,C/(e)\,DET,le,8
718,109,6,soen,soen,109,Adj,Adj,C/V\,ADJ,sien,5
719,109,7,purpens,purpens,109,N,N,C/V\.'C/V\,PROPN|NOUN,pourpenser,2
720,109,8,;,;,109,Pnc,Pnc,,PUNCT,;,9
721,110,1,Savrat,savrat,110,Vfin,Vfin,C/V\.'C/V\,VERB,savoir,6
722,110,2,par,par,110,Pre,Pre,C/V\,ADP,par,8
723,110,3,eols,eols,110,Prn,Prn,/V\,PRON,eux,0
724,110,4,si,si,110,Sub,Sub,C/V\,SCONJ,si,8
725,110,5,ço,ço,110,Prn,Prn,C/V\,PRON,ce,5
726,110,6,ert,ert,110,Vfin,Vfin,/V\,VERB,être,6
727,110,7,sens,sens,110,N,N,C/V\,NOUN,sens,8
728,110,8,.,.,110,Pnc,Pnc,,PUNCT,.,9
729,111,1,Quant,quant,111,Sub,Sub,C/V\,SCONJ,quand,3
730,111,2,oïrent,oïrent,111,Vfin,Vfin,/V\.'C/V\.C/e\,VERB,ouïr,9
731,111,3,iço,iço,111,Prn,Prn,/V\.'C/V\,PRON,ce,11
732,111,4,de,de,111,Pre,Pre,C/(e)\,ADP,de,8
733,111,5,lui,lui,111,Prn,Prn,C/V\,PRON,lui,8
734,111,6,",",",",111,Pnc,Pnc,,PUNCT,",",9
735,112,1,Dunc,dunc,112,Adv,Adv,C/V\,ADV,donc,6
736,112,2,en,en,112,Prn,Prn$$,/V\,PRON,en,3
737,112,3,parlerent,parlerent,112,Vfin,Vfin,C/V\.'C/V\.C/e\,VERB,parler,9
738,112,4,dui,dui,112,QIs,QIs,C/V\,NUM,deux,5
739,112,5,e,e,112,Crd,Crd,/V\,CCONJ,et,5
740,112,6,dui,dui,112,QIs,QIs,C/V\,ADJ|ADV|DET|NUM|PRON,deux,5
741,112,7,.,.,112,Pnc,Pnc,,PUNCT,.,9
742,113,1,Respundent,respundent,113,Vfin,Vfin,C/V\.'C/V\.C/e\,VERB,répondre,6
743,113,2,lui,lui,113,Prn,Prn%%,C/V\,PRON,lui,8
744,113,3,comunalment,comunalment,113,Adv,Adv,C/V\.C/V\.C/V\.'C/V\,ADV,communalement,9
745,114,1,Que,que,114,Sub,Sub,C/(e)\,SCONJ,que,3
746,114,2,ço,ço,114,Prn,Prn,C/V\,PRON,ce,5
747,114,3,enprist,enprist,114,Vfin,Vfin,/V\.'C/V\,VERB,emprendre,6
748,114,4,vassalment,vassalment,114,Adv,Adv,C/V\.C/V\.'C/V\,ADV,vassalement,6
749,114,5,;,;,114,Pnc,Pnc,,PUNCT,;,9
750,115,1,Prïerent,prierent,115,Vfin,Vfin,C/V\.'C/V\.C/e\,VERB,prier,9
751,115,2,l',l',115,Prn,Prn$$,C/\,PRON,le,3
752,115,3,en,en,115,Prn,Prn,/V\,PRON,on,3
753,115,4,ques,ques,115,Sub+Prn,Sub+Prn$$,C/e\,SCONJ.PRON,que.le,5
754,115,5,meint,meint,115,Vfin,Vfin,C/V\,VERB,mener,3
755,115,6,od,od,115,Pre,Pre,/V\,ADP,o,8
756,115,7,sei,sei,115,Prn,Prn,C/V\,PRON,soi,5
757,116,1,Cum,cum,116,Sub,Sub,C/V\,SCONJ,comme,5
758,116,2,les,les,116,Det,Det,C/V\,DET,le,8
759,116,3,seons,seons,116,Adj,Adj,C/V\,ADJ,seoir,3
760,116,4,filz,filz,116,N,N,C/V\,NOUN,fils,3
761,116,5,soürs,soürs,116,Adj,Adj,C/(V)\.'/V\,ADJ,sûr,6
762,116,6,en,en,116,Pre,Pre,/V\,ADP,en,3
763,116,7,fei,fei,116,N,N,C/V\,NOUN,foi,5
764,116,8,.,.,116,Pnc,Pnc,,PUNCT,.,9
765,117,1,Ço,ço,117,Prn,Prn,C/V\,PRON,ce,5
766,117,2,dist,dist,117,Vfin,Vfin,C/V\,VERB,dire,9
767,117,3,Brandan,brandan,117,N,N,C/V\.'C/V\,PROPN,Brandan,-10
768,117,4,:,:,117,Pnc,Pnc,,PUNCT,:,9
769,117,5,"""","""",117,Pnc,Pnc,,PUNCT,"""",6
770,117,6,Pur,pur,117,Pre,Pre,C/V\,ADP,pour,5
771,117,7,cel,cel,117,Dem,Dem,C/V\,PRON,cil,3
772,117,8,vos,vos,117,Prn,Prn$$,C/V\,PRON,vous,3
773,117,9,di,di,117,Vfin,Vfin,C/V\,VERB,dire,8
774,118,1,Que,que,118,Sub,Sub,C/(e)\,SCONJ,que,3
775,118,2,de,de,118,Pre,Pre,C/(e)\,ADP,de,8
776,118,3,vos,vos,118,Prn,Prn$$,C/V\,PRON,votre,3
777,118,4,voil,voil,118,Vfin,Vfin,C/V\,VERB,voil,-10
778,118,5,ainz,ainz,118,PrA,PrA,/V\,ADV,ains,8
779,118,6,estre,estre,118,Vinf,Vinf,'/V\.C/(e)\,VERB,être,8
780,118,7,fi,fi,118,Adj,Adj,C/V\,ADJ,fi,8
781,119,1,Que,que,119,Sub,Sub,C/(e)\,SCONJ,que,3
782,119,2,jo,jo,119,Prn,Prn,C/V\,PRON,je,5
783,119,3,d',d',119,Pre,Pre,C/\,ADP,de,9
784,119,4,ici,ici,119,Adv,Adv,/V\.'C/V\,ADV,ici,9
785,119,5,vos,vos,119,Prn,Prn$$,C/V\,PRON,vous,3
786,119,6,en,en,119,Prn,Prn$$,/V\,PRON,en,3
787,119,7,meinge,meinge,119,Vfin,Vfin,'C/V\.C/(e)\,VERB,mener,6
788,119,8,",",",",119,Pnc,Pnc,,PUNCT,",",9
789,120,1,Al,al,120,Pre+Det,Pre+Det,/V\,ADP.DET,al,-10
790,120,2,repentir,repentir,120,Vinf,Vinf,C/V\.C/V\.'C/V\,VERB,repentir,9
791,120,3,puis,puis,120,PrA,PrA,C/V\,ADV,puis,8
792,120,4,m',m',120,Prn,Prn$$,C/\,PRON,me,8
793,120,5,en,en,120,Prn,Prn$$,/V\,PRON,en,3
794,120,6,prenge,prenge,120,Vfin,Vfin,'C/V\.C/(e)\,VERB,pranger,3
795,120,7,.,.,120,Pnc,Pnc,,PUNCT,.,9
796,120,8,"""","""",120,Pnc,Pnc,,PUNCT,"""",6
797,121,1,Cil,cil,121,Dem,Dem,C/V\,PRON,cil,8
798,121,2,promettent,promettent,121,Vfin,Vfin,C/V\.'C/V\.C/e\,VERB,promettre,9
799,121,3,süurance,suurance,121,N,N,C/V\.C/V\.'C/V\.C/(e)\,NOUN,surance,-10
800,122,1,Pur,pur,122,Pre,Pre,C/V\,ADP,pour,5
801,122,2,eols,eols,122,Prn,Prn,/V\,PRON,eux,0
802,122,3,ne,ne,122,Neg,Neg$$,C/(e)\,ADV,ne,8
803,122,4,seit,seit,122,Vfin,Vfin,C/V\,VERB,seoir,0
804,122,5,demurance,demurance,122,N,N,C/V\.C/V\.'C/V\.C/(e)\,NOUN,demeurance,9
805,122,6,.,.,122,Pnc,Pnc,,PUNCT,.,9
806,123,1,Dunc,dunc,123,Adv,Adv,C/V\,ADV,donc,6
807,123,2,prent,prent,123,Vfin,Vfin,C/V\,VERB,prendre,3
808,123,3,le,le,123,Det,Det,C/(e)\,DET,le,8
809,123,4,abes,abes,123,N,N,'/V\.C/e\,NOUN,abbé,6
810,123,5,iceols,iceols,123,Dem,Dem,/V\.'C/V\,DET,cil,2
811,123,6,esliz,esliz,123,Vpp,Vpp,/V\.'C/V\,VERB,élire,8
812,123,7,",",",",123,Pnc,Pnc,,PUNCT,",",9
813,124,1,Puis,puis,124,PrA,PrA,C/V\,ADV,puis,8
814,124,2,que,que,124,Sub,Sub,C/(e)\,SCONJ,que,3
815,124,3,out,out,124,Vfin,Vfin,/V\,VERB,ouïr,3
816,124,4,oït,oït,124,Vpp,Vpp,/V\.'C/V\,VERB,ouïr,9
817,124,5,d',d',124,Pre,Pre,C/\,ADP,de,9
818,124,6,els,els,124,Prn,Prn,/V\,PRON,el,3
819,124,7,les,les,124,Det,Det,C/V\,DET,le,8
820,124,8,diz,diz,124,N,N,C/V\,PROPN|NOUN,dire,0
821,124,9,;,;,124,Pnc,Pnc,,PUNCT,;,9
822,125,1,En,en,125,Pre,Pre,/V\,ADP,en,3
823,125,2,capitel,capitel,125,N,N,C/V\.C/V\.'C/V\,NOUN,capitel,3
824,125,3,les,les,125,Prn,Prn$$,C/V\,PRON,le,3
825,125,4,ad,ad,125,Vfin,Vfin,/V\,VERB,avoir,5
826,125,5,menez,menez,125,Vpp,Vpp,C/V\.'C/V\,VERB,mener,3
827,125,6,.,.,125,Pnc,Pnc,,PUNCT,.,9
828,126,1,Iloec,iloec,126,Adv,Adv,/V\.'C/V\,ADV,illuec,9
829,126,2,lur,lur,126,Prn,Prn$$,C/V\,PRON,leur,5
830,126,3,dist,dist,126,Vfin,Vfin,C/V\,VERB,dire,9
831,126,4,cum,cum,126,Sub,Sub,C/V\,SCONJ,comme,5
832,126,5,hoem,hoem,126,N,N,C/V\,NOUN,homme,6
833,126,6,senez,senez,126,Vpp,Vpp,C/V\.'C/V\,VERB,saner,5
834,126,7,:,:,126,Pnc,Pnc,,PUNCT,:,9
835,127,1,"""","""",127,Pnc,Pnc,,PUNCT,"""",6
836,127,2,Seignurs,seignurs,127,N,N,C/V\.'C/V\,NOUN,seigneur,9
837,127,3,",",",",127,Pnc,Pnc,,PUNCT,",",9
838,127,4,ço,ço,127,Prn,Prn,C/V\,PRON,ce,8
839,127,5,que,que,127,Qux,Qux,C/(e)\,ADJ|ADV|DET|PRON,que,8
840,127,6,penséd,penséd,127,Vpp,Vpp,C/V\.'C/V\,VERB,penséder,-10
841,127,7,avum,avum,127,Vfin,Vfin,/V\.'C/V\,VERB,avoir,6
842,128,1,Cum,cum,128,Sub,Sub,C/V\,SCONJ,comme,5
843,128,2,cel,cel,128,Dem,Dem,C/V\,PRON,cil,3
844,128,3,est,est,128,Vfin,Vfin,/V\,VERB,être,3
845,128,4,gref,gref,128,Adj,Adj,C/V\,ADJ,grief,5
846,128,5,nus,nus,128,Prn,Prn$,C/V\,PRON,nus,-10
847,128,6,nel,nel,128,Neg+Prn,Neg$$+Prn$$,C/V\,ADV.PRON,nel,-10
848,128,7,savum,savum,128,Vfin,Vfin,C/V\.'C/V\,VERB,savoir,6
849,128,8,.,.,128,Pnc,Pnc,,PUNCT,.,9
850,129,1,Mes,més,129,Crd,Crd,C/V\,CCONJ,mais,5
851,129,2,prïum,prium,129,Vfin,Vfin,C/V\.'C/V\,VERB,prier,6
852,129,3,Deu,deu,129,N,N,C/V\,PROPN,Dieu,5
853,129,4,que,que,129,Sub,Sub,C/(e)\,SCONJ,que,3
854,129,5,nus,nus,129,Prn,Prn$$,C/V\,PRON,nus,-10
855,129,6,enseint,enseint,129,Vfin,Vfin,/V\.'C/V\,VERB,enseindre,-10
856,129,7,",",",",129,Pnc,Pnc,,PUNCT,",",9
857,130,1,Par,par,130,Pre,Pre,C/V\,ADP,par,8
858,130,2,sun,sun,130,Det,Det,C/V\,DET,son,5
859,130,3,plaisir,plaisir,130,N,N,C/V\.'C/V\,NOUN,plaisir,8
860,130,4,la,la,130,Adv,Adv,C/V\,ADV,là,5
861,130,5,nus,nus,130,Prn,Prn$$,C/V\,PRON,nus,-10
862,130,6,en,en,130,Prn,Prn$$,/V\,PRON,en,3
863,130,7,meint,meint,130,Vfin,Vfin,C/V\,VERB,mener,3
864,130,8,;,;,130,Pnc,Pnc,,PUNCT,;,9
865,131,1,E,e,131,Crd,Crd,/V\,CCONJ,et,5
866,131,2,enz,enz,131,PrA,PrA,/V\,ADV,ens,8
867,131,3,el,el,131,Pre+Det,Pre+Det,/V\,ADP.DET,el,0
868,131,4,nun,nun,131,N,N,C/V\,PROPN|NOUN,nun,3
869,131,5,al,al,131,Pre+Det,Pre+Det,/V\,ADP.DET,à.le,3
870,131,6,Saint,saint,131,Adj,Adj,C/V\,ADJ,saint,8
871,131,7,Espirit,espirit,131,N,N,/V\.'C/V\,NOUN,esprit,6
872,132,1,Juine,juine,132,N,N,'C/V\.C/(e)\,PROPN,Juine,-10
873,132,2,faimes,faimes,132,Vfin,Vfin,'C/V\.C/e\,VERB,faire,6
874,132,3,que,que,132,Sub,Sub,C/(e)\,SCONJ,que,3
875,132,4,la,la,132,Adv,Adv,C/V\,ADV,là,5
876,132,5,nus,nus,132,Prn,Prn$$,C/V\,PRON,nus,-10
877,132,6,guit,guit,132,Vfin,Vfin,C/V\,VERB,guitre,-10
878,132,7,",",",",132,Pnc,Pnc,,PUNCT,",",9
879,133,1,E,e,133,Crd,Crd,/V\,CCONJ,et,5
880,133,2,junum,junum,133,Vfin,Vfin,C/V\.'C/V\,VERB,junum,-10
881,133,3,la,la,133,Det,Det,C/V\,DET,le,3
882,133,4,quarenteine,quarenteine,133,N,N,C/V\.C/V\.'C/V\.C/(e)\,NOUN,quarantaine,6
883,134,1,Sur,sur,134,PrA,PrA,C/V\,ADP,sur,8
884,134,2,les,les,134,Det,Det,C/V\,DET,le,8
885,134,3,treis,treis,134,QIs,QIs,C/V\,NUM,trois,5
886,134,4,jurs,jurs,134,N,N,C/V\,PROPN|NOUN,jour,6
887,134,5,la,la,134,Det,Det,C/V\,DET,le,3
888,134,6,semaine,semaine,134,N,N,C/V\.'C/V\.C/(e)\,NOUN,semaine,9
889,134,7,.,.,134,Pnc,Pnc,,PUNCT,.,9
890,134,8,"""","""",134,Pnc,Pnc,,PUNCT,"""",6
891,135,1,Dunc,dunc,135,Adv,Adv,C/V\,ADV,donc,6
892,135,2,n',n',135,Neg,Neg$$,C/\,ADV,ne,8
893,135,3,i,i,135,Prn,Prn$$,/V\,PRON,y,3
894,135,4,ad,ad,135,Vfin,Vfin,/V\,VERB,avoir,5
895,135,5,nul,nul,135,QIs,QIs,C/V\,PRON,nul,8
896,135,6,qui,qui,135,Qux,Qux,C/V\,PRON,qui,3
897,135,7,se,se,135,Prn,Prn$$,C/(e)\,PRON,se,3
898,135,8,target,target,135,Vfin,Vfin,'C/V\.C/(e)\,VERB,targer,9
899,136,1,De,de,136,Pre,Pre,C/(e)\,ADP,de,8
900,136,2,ço,ço,136,Prn,Prn,C/V\,PRON,ce,5
901,136,3,faire,faire,136,Vinf,Vinf,'C/V\.C/(e)\,VERB,faire,9
902,136,4,qu',qu',136,Qux,Qux,C/\,ADJ|ADV|DET|PRON,que,3
903,136,5,il,il,136,Prn,Prn$,/V\,PRON,il,9
904,136,6,lur,lur,136,Prn,Prn$$,C/V\,PRON,leur,5
905,136,7,charget,charget,136,Vfin,Vfin,'C/V\.C/e\,VERB,charger,9
906,136,8,.,.,136,Pnc,Pnc,,PUNCT,.,9
907,137,1,Ne,ne,137,Crd,Crd,C/(e)\,CCONJ,ne,8
908,137,2,li,li,137,Det,Det,C/V\,DET,lui,0
909,137,3,abes,abes,137,N,N,'/V\.C/e\,NOUN,abbé,6
910,137,4,ne,ne,137,Crd,Crd,C/(e)\,CCONJ,ne,8
911,137,5,nuit,nuit,137,N,N,C/V\,NOUN,nuit,8
912,137,6,ne,ne,137,Crd,Crd,C/(e)\,CCONJ,ne,8
913,137,7,jurn,jurn,137,N,N,C/V\,NOUN,jour,6
914,138,1,Des,des,138,Pre+Det,Pre+Det,C/V\,ADP.DET,de.le,3
915,138,2,ureisuns,ureisuns,138,N,N,/V\.C/V\.'C/V\,NOUN,oraison,6
916,138,3,ne,ne,138,Neg,Neg$$,C/(e)\,ADV,ne,8
917,138,4,fait,fait,138,Vfin,Vfin,C/V\,VERB,faire,3
918,138,5,tresturn,tresturn,138,N,N,C/V\.'C/V\,PROPN|NOUN,tréturn,-10
919,139,1,De,de,139,Pre,Pre,C/(e)\,ADP,de,8
920,139,2,ci,ci,139,Adv,Adv,C/V\,ADV,ci,8
921,139,3,que,que,139,Sub,Sub,C/(e)\,SCONJ,que,3
922,139,4,Deus,deus,139,N,N,C/V\,PROPN|NOUN,deus,0
923,139,5,li,li,139,Prn,Prn$$,C/V\,PRON,lui,3
924,139,6,enveiat,enveiat,139,Vfin,Vfin,/V\.C/V\.'C/V\,VERB,envoyer,9
925,140,1,Le,le,140,Det,Det,C/(e)\,DET,le,8
926,140,2,angel,angel,140,N,N,/V\.'C/V\,NOUN,ange,6
927,140,3,del,del,140,Pre+Det,Pre+Det,C/V\,ADP.DET,de.le,3
928,140,4,cel,cel,140,N,N,C/V\,PROPN|NOUN,ciel,5
929,140,5,qui,qui,140,Qux,Qux,C/V\,PRON,qui,3
930,140,6,l',l',140,Prn,Prn$$,C/\,PRON,le,3
931,140,7,aveiat,aveiat,140,Vfin,Vfin,/V\.C/V\.'C/V\,VERB,avoyer,6
932,141,1,De,de,141,Pre,Pre,C/(e)\,ADP,de,8
933,141,2,tut,tut,141,QIs,QIs,C/V\,ADJ|ADV|DET|NUM|PRON,taire,0
934,141,3,l',l',141,Det,Det,C/\,DET,le,8
935,141,4,eire,eire,141,N,N,'/V\.C/(e)\,NOUN,erre|aire,-1
936,141,5,cum,cum,141,Sub,Sub,C/V\,SCONJ,comme,5
937,141,6,il,il,141,Prn,Prn$,/V\,PRON,il,9
938,141,7,irat,irat,141,Vfin,Vfin,/V\.'C/V\,VERB,aller,9
939,141,8,;,;,141,Pnc,Pnc,,PUNCT,;,9
940,142,1,Enz,enz,142,PrA,PrA,/V\,ADV,ens,8
941,142,2,en,en,142,Pre,Pre,/V\,ADP,en,3
942,142,3,sun,sun,142,Det,Det,C/V\,DET,son,5
943,142,4,quer,quer,142,N,N,C/V\,PROPN|NOUN,quer,-10
944,142,5,si,si,142,Adv,Adv,C/V\,ADV,si,8
945,142,6,l',l',142,Prn,Prn$$,C/\,PRON,le,3
946,142,7,aspirat,aspirat,142,Vfin,Vfin,/V\.C/V\.'C/V\,VERB,aspirer,9
947,143,1,Que,que,143,Sub,Sub,C/(e)\,SCONJ,que,3
948,143,2,tres,tres,143,Adv,Adv,C/V\,ADV,très,8
949,143,3,bien,bien,143,Adv,Adv,C/V\,ADV,bien,8
950,143,4,veit,veit,143,Vfin,Vfin,C/V\,VERB,voir,3
951,143,5,e,e,143,Crd,Crd,/V\,CCONJ,et,5
952,143,6,certement,certement,143,Adv,Adv,C/V\.C/e\.'C/V\,ADV,certement,0
953,144,1,Cum,cum,144,Sub,Sub,C/V\,SCONJ,comme,5
954,144,2,Deus,deus,144,N,N,C/V\,PROPN,Dieu,5
955,144,3,voldrat,voldrat,144,Vfin,Vfin,C/V\.'C/V\,VERB,vouloir,9
956,144,4,le,le,144,Det,Det,C/(e)\,DET,le,8
957,144,5,seon,seon,144,Adj,Adj,C/V\,ADJ,sien,5
958,144,6,alment,alment,144,N,N,/V\.'C/V\,PROPN|NOUN,aller,2
959,144,7,.,.,144,Pnc,Pnc,,PUNCT,.,9
960,145,1,Dunc,dunc,145,Adv,Adv,C/V\,ADV,donc,6
961,145,2,prent,prent,145,Vfin,Vfin,C/V\,VERB,prendre,3
962,145,3,cungé,cungé,145,N,N,C/V\.'C/V\,NOUN,congé,6
963,145,4,a,a,145,Pre,Pre,/V\,ADP,à,3
964,145,5,ses,ses,145,Det,Det,C/V\,DET,son,8
965,145,6,freres,freres,145,N,N,'C/V\.C/e\,NOUN,frère,9
966,145,7,",",",",145,Pnc,Pnc,,PUNCT,",",9
967,146,1,As,as,146,Pre+Det,Pre+Det,/V\,ADP.DET,à,0
968,146,2,quels,quels,146,Qux,Qux,C/V\,PRON,quel,8
969,146,3,il,il,146,Prn,Prn$,/V\,PRON,il,9
970,146,4,ert,ert,146,Vfin,Vfin,/V\,VERB,être,6
971,146,5,mult,mult,146,QIs,QIs,C/V\,ADV,moult,5
972,146,6,dulz,dulz,146,Adj,Adj,C/V\,ADJ,doux,6
973,146,7,peres,peres,146,N,N,'C/V\.C/e\,NOUN,père,8
974,146,8,",",",",146,Pnc,Pnc,,PUNCT,",",9
975,147,1,E,e,147,Crd,Crd,/V\,CCONJ,et,5
976,147,2,dist,dist,147,Vpp,Vpp,C/V\,VERB,dire,9
977,147,3,lur,lur,147,Prn,Prn$$,C/V\,PRON,leur,8
978,147,4,ad,ad,147,Vfin,Vfin,/V\,VERB,avoir,5
979,147,5,de,de,147,Pre,Pre,C/(e)\,ADP,de,8
980,147,6,seon,seon,147,Det,Det,C/V\,DET,sien,5
981,147,7,eire,eire,147,N,N,'/V\.C/(e)\,NOUN,erre|aire,-1
982,148,1,Cument,cument,148,Qux,Qux,C/V\.'C/V\,ADJ|ADV|DET|PRON,comment,6
983,148,2,a,a,148,Pre,Pre,/V\,ADP,à,3
984,148,3,Deu,deu,148,N,N,C/V\,PROPN,Dieu,5
985,148,4,le,le,148,Prn,Prn$$,C/(e)\,PRON,le,8
986,148,5,voleit,voleit,148,Vfin,Vfin,C/V\.'C/V\,VERB,voloir,-10
987,148,6,creire,creire,148,Vinf,Vinf,'C/V\.C/(e)\,VERB,croire,6
988,148,7,.,.,148,Pnc,Pnc,,PUNCT,.,9
989,149,1,A,a,149,Pre,Pre,/V\,ADP,à,3
990,149,2,sun,sun,149,Det,Det,C/V\,DET,son,5
991,149,3,prïur,priur,149,N,N,C/V\.'C/V\,NOUN,prieur,0
992,149,4,tuz,tuz,149,QIs,QIs,C/V\,PRON,tus,-10
993,149,5,les,les,149,Prn,Prn$$,C/V\,PRON,le,3
994,149,6,concreit,concreit,149,Vfin,Vfin,C/V\.'C/V\,VERB,concroire,0
995,149,7,",",",",149,Pnc,Pnc,,PUNCT,",",9
996,150,1,Dist,dist,150,Vfin,Vfin,C/V\,VERB,dire,9
997,150,2,lui,lui,150,Prn,Prn%%,C/V\,PRON,lui,8
998,150,3,cument,cument,150,Qux,Qux,C/V\.'C/V\,ADJ|ADV|DET|PRON,comment,6
999,150,4,guarder,guarder,150,Vinf,Vinf,C/V\.'C/V\,VERB,garder,6
1000,150,5,les,les,150,Prn,Prn$$,C/V\,PRON,le,3
1001,150,6,deit,deit,150,Vfin,Vfin,C/V\,VERB,dire,3
1002,150,7,.,.,150,Pnc,Pnc,,PUNCT,.,9
1003,151,1,Cumandet,cumandet,151,Vfin,Vfin,C/V\.'C/V\.C/(e)\,VERB,commander,6
1004,151,2,eals,eals,151,Prn,Prn%%,/V\,PRON,lui,6
1005,151,3,lui,lui,151,Prn,Prn$,C/V\,PRON,lui,8
1006,151,4,obeïr,obeir,151,Vinf,Vinf,/V\.C/V\.'C/V\,VERB,obéir,9
1007,151,5,",",",",151,Pnc,Pnc,,PUNCT,",",9
1008,152,1,Cum,cum,152,Sub,Sub,C/V\,SCONJ,comme,5
1009,152,2,lur,lur,152,Det,Det,C/V\,DET,leur,5
1010,152,3,abét,abét,152,N,N,/V\.'C/V\,PROPN|NOUN,aboire,0
1011,152,4,mult,mult,152,QIs,QIs,C/V\,ADV,moult,5
1012,152,5,bien,bien,152,Adv,Adv,C/V\,ADV,bien,8
1013,152,6,servir,servir,152,Vinf,Vinf,C/V\.'C/V\,VERB,servir,9
1014,152,7,.,.,152,Pnc,Pnc,,PUNCT,.,9
1015,153,1,Puis,puis,153,PrA,PrA,C/V\,ADV,puis,8
1016,153,2,les,les,153,Prn,Prn$$,C/V\,PRON,le,3
1017,153,3,baiset,baiset,153,Vfin,Vfin,'C/V\.C/e\,VERB,baiser,9
1018,153,4,Brandan,brandan,153,N,N,C/V\.'C/V\,PROPN,Brandan,-10
1019,153,5,e,e,153,Crd,Crd,/V\,CCONJ,et,5
1020,153,6,vait,vait,153,Vfin,Vfin,C/V\,VERB,voir,3
1021,153,7,.,.,153,Pnc,Pnc,,PUNCT,.,9
1022,154,1,Plurent,plurent,154,Vfin,Vfin,'C/V\.C/e\,VERB,plurer,-10
1023,154,2,trestuit,trestuit,154,QIs,QIs,C/V\.'C/V\,PRON,trétuit,-10
1024,154,3,par,par,154,Pre,Pre,C/V\,ADP,par,8
1025,154,4,grant,grant,154,Adj,Adj,C/V\,ADJ,grand,8
1026,154,5,dehait,dehait,154,N,N,C/V\.'C/V\,NOUN,déhait,-10
1027,155,1,Que,que,155,Sub,Sub,C/(e)\,SCONJ,que,3
1028,155,2,mener,mener,155,Vinf,Vinf,C/V\.'C/V\,VERB,mener,9
1029,155,3,ne,ne,155,Neg,Neg$$,C/(e)\,ADV,ne,8
1030,155,4,volt,volt,155,Vfin,Vfin,C/V\,VERB,vouloir,3
1031,155,5,lur,lur,155,Det,Det,C/V\,DET,leur,8
1032,155,6,peres,peres,155,N,N,'C/V\.C/e\,NOUN,père,8
1033,156,1,Fors,fors,156,PrA,PrA,C/V\,ADV,fors,3
1034,156,2,quatorze,quatorze,156,QIs,QIs,C/V\.'C/V\.C/(e)\,ADJ|ADV|DET|NUM|PRON,quatorze,8
1035,156,3,de,de,156,Pre,Pre,C/(e)\,ADP,de,8
1036,156,4,lur,lur,156,Det,Det,C/V\,DET,leur,8
1037,156,5,freres,freres,156,N,N,'C/V\.C/e\,NOUN,frère,9
1038,156,6,.,.,156,Pnc,Pnc,,PUNCT,.,9
1039,157,1,Vait,vait,157,Vfin,Vfin,C/V\,VERB,voir,3
1040,157,2,s',s',157,Prn,Prn%%,C/\,PRON,se,3
1041,157,3,en,en,157,Prn,Prn,/V\,PRON,en,3
1042,157,4,Brandan,brandan,157,N,N,C/V\.'C/V\,PROPN,Brandan,-10
1043,157,5,vers,vers,157,Pre,Pre,C/V\,ADP,vers,8
1044,157,6,le,le,157,Det,Det,C/(e)\,DET,le,8
1045,157,7,grant,grant,157,Adj,Adj,C/V\,ADJ,grand,8
1046,157,8,mer,mer,157,N,N,C/V\,NOUN,mer,8
1047,158,1,U,u,158,Qux,Qux,/V\,ADJ|ADV|DET|PRON,u,0
1048,158,2,sout,sout,158,Vfin,Vfin,C/V\,VERB,être,0
1049,158,3,par,par,158,Pre,Pre,C/V\,ADP,par,8
1050,158,4,Deu,deu,158,N,N,C/V\,PROPN,Dieu,5
1051,158,5,que,que,158,Sub,Sub,C/(e)\,SCONJ,que,3
1052,158,6,dout,dout,158,Vfin,Vfin,C/V\,VERB,dout,-10
1053,158,7,entrer,entrer,158,Vinf,Vinf,/V\.'C/V\,VERB,entrer,9
1054,158,8,.,.,158,Pnc,Pnc,,PUNCT,.,9
1055,159,1,Unc,unc,159,Adv,Adv,/V\,ADV,onques,5
1056,159,2,ne,ne,159,Neg,Neg$$,C/(e)\,ADV,ne,8
1057,159,3,turnat,turnat,159,Vfin,Vfin,C/V\.'C/V\,VERB,tourner,6
1058,159,4,vers,vers,159,Pre,Pre,C/V\,ADP,vers,8
1059,159,5,sun,sun,159,Det,Det,C/V\,DET,son,5
1060,159,6,parent,parent,159,N,N,C/V\.'C/V\,NOUN,parent,3
1061,159,7,:,:,159,Pnc,Pnc,,PUNCT,:,9
1062,160,1,En,en,160,Pre,Pre,/V\,ADP,en,3
1063,160,2,plus,plus,160,Adv,Adv,C/V\,ADV,plus,8
1064,160,3,cher,cher,160,Adj,Adj,C/V\,ADJ,cher,8
1065,160,4,leu,leu,160,N,N,C/V\,PROPN|NOUN,leu,0
1066,160,5,aler,aler,160,Vinf,Vinf,/V\.'C/V\,VERB,aller,9
1067,160,6,entent,entent,160,Vfin,Vfin,/V\.'C/V\,VERB,enter,3
1068,160,7,.,.,160,Pnc,Pnc,,PUNCT,.,9
1069,161,1,Alat,alat,161,Vfin,Vfin,/V\.'C/V\,VERB,aller,6
1070,161,2,tant,tant,161,QIs,QIs,C/V\,ADV,tant,8
1071,161,3,quant,quant,161,Qux,Qux,C/V\,ADJ|ADV|DET|PRON,quand,3
1072,161,4,terre,terre,161,N,N,'C/V\.C/(e)\,NOUN,terre,8
1073,161,5,dure,dure,161,Vfin,Vfin,'C/V\.C/(e)\,VERB,dur,0
1074,161,6,;,;,161,Pnc,Pnc,,PUNCT,;,9
1075,162,1,Del,del,162,Pre+Det,Pre+Det,C/V\,ADP.DET,de.le,3
1076,162,2,sujurner,sujurner,162,Vinf,Vinf,C/V\.C/V\.'C/V\,VERB,surjuner,-10
1077,162,3,ne,ne,162,Neg,Neg$$,C/(e)\,ADV,ne,8
1078,162,4,prist,prist,162,Vfin,Vfin,C/V\,VERB,prendre,3
1079,162,5,cure,cure,162,N,N,'C/V\.C/(e)\,NOUN,cure,3
1080,162,6,.,.,162,Pnc,Pnc,,PUNCT,.,9
1081,163,1,Vint,vint,163,Vfin,Vfin,C/V\,VERB,venir,3
1082,163,2,al,al,163,Pre+Det,Pre+Det,/V\,ADP.DET,à.le,3
1083,163,3,roceit,roceit,163,N,N,C/V\.'C/V\,NOUN,roceit,-10
1084,163,4,que,que,163,Qux,Qux,C/(e)\,ADJ|ADV|DET|PRON,que,8
1085,163,5,li,li,163,Det,Det,C/V\,DET,le,3
1086,163,6,vilain,vilain,163,N,N,C/V\.'C/V\,NOUN,vilain,8
1087,164,1,Or,or,164,Adv,Adv,/V\,ADV,or,8
1088,164,2,apelent,apelent,164,Vfin,Vfin,/V\.'C/V\.C/e\,VERB,appeler,9
1089,164,3,le,le,164,Det,Det,C/(e)\,DET,le,8
1090,164,4,Salt,salt,164,N,N,C/V\,NOUN,saut,5
1091,164,5,Brandan,brandan,164,N,N,C/V\.'C/V\,PROPN,Brandan,-10
1092,164,6,.,.,164,Pnc,Pnc,,PUNCT,.,9
1093,165,1,Icil,icil,165,Dem,Dem,/V\.'C/V\,PRON,cil,3
1094,165,2,s',s',165,Prn,Prn$$,C/\,PRON,se,3
1095,165,3,estent,estent,165,Vfin,Vfin,/V\.'C/V\,VERB,étendre,6
1096,165,4,durement,durement,165,Adv,Adv,C/V\.C/e\.'C/V\,ADV,durement,9
1097,165,5,luin,luin,165,Adv,Adv,C/V\,ADV,loin,6
1098,166,1,Sur,sur,166,PrA,PrA,C/V\,ADP,sur,8
1099,166,2,l',l',166,Det,Det,C/\,DET,le,8
1100,166,3,occean,occean,166,N,N,/V\.C/V\.'C/V\,NOUN,océan,6
1101,166,4,si,si,166,Adv,Adv,C/V\,ADV,si,8
1102,166,5,cume,cume,166,Sub,Sub,'C/V\.C/(e)\,SCONJ,comme,5
1103,166,6,un,un,166,QIs,QIs,/V\,DET,un,3
1104,166,7,gruign,gruign,166,N,N,C/V\,NOUN,gruign,-10
1105,166,8,.,.,166,Pnc,Pnc,,PUNCT,.,9
1106,167,1,E,e,167,Crd,Crd,/V\,CCONJ,et,5
1107,167,2,suz,suz,167,PrA,PrA,C/V\,ADP,sus,3
1108,167,3,le,le,167,Det,Det,C/(e)\,DET,le,8
1109,167,4,gruign,gruign,167,N,N,C/V\,NOUN,gruign,-10
1110,167,5,aveit,aveit,167,Vfin,Vfin,/V\.'C/V\,VERB,avoir,9
1111,167,6,un,un,167,QIs,QIs,/V\,DET,un,3
1112,167,7,port,port,167,N,N,C/V\,NOUN,port,8
1113,168,1,Par,par,168,Pre,Pre,C/V\,ADP,par,8
1114,168,2,unt,unt,168,Qux,Qux,/V\,DET,un,0
1115,168,3,la,la,168,Det,Det,C/V\,DET,le,3
1116,168,4,mer,mer,168,N,N,C/V\,NOUN,mer,8
1117,168,5,receit,receit,168,Vfin,Vfin,C/V\.'C/V\,VERB,recevoir,9
1118,168,6,un,un,168,QIs,QIs,/V\,DET,un,3
1119,168,7,gort,gort,168,N,N,C/V\,NOUN,gord,3
1120,168,8,",",",",168,Pnc,Pnc,,PUNCT,",",9
1121,169,1,Mais,mais,169,Crd,Crd,C/V\,CCONJ,mais,8
1122,169,2,petiz,petiz,169,Adj,Adj,C/V\.'C/V\,ADJ,petit,8
1123,169,3,ert,ert,169,Vfin,Vfin,/V\,VERB,être,6
1124,169,4,e,e,169,Crd,Crd,/V\,CCONJ,et,5
1125,169,5,mult,mult,169,QIs,QIs,C/V\,ADV,moult,5
1126,169,6,estreits,estreits,169,Adj,Adj,/V\.'C/V\,ADJ,étroit,6
1127,169,7,;,;,169,Pnc,Pnc,,PUNCT,;,9
1128,170,1,Del,del,170,Pre+Det,Pre+Det,C/V\,ADP.DET,de.le,3
1129,170,2,derube,derube,170,N,N,C/V\.'C/V\.C/(e)\,NOUN,dérube,-10
1130,170,3,veneit,veneit,170,Vfin,Vfin,C/V\.'C/V\,VERB,venir,9
1131,170,4,tut,tut,170,QIs,QIs,C/V\,ADV,tout,5
1132,170,5,dreiz,dreiz,170,Adj,Adj,C/V\,ADJ,droit,5
1133,170,6,.,.,170,Pnc,Pnc,,PUNCT,.,9
1134,171,1,Altres,altres,171,Adj,Adj,'/V\.C/e\,ADJ,autre,5
1135,171,2,",",",",171,Pnc,Pnc,,PUNCT,",",9
1136,171,3,ço,ço,171,Prn,Prn,C/V\,PRON,ce,5
1137,171,4,crei,crei,171,Vfin,Vfin,C/V\,VERB,croire,6
1138,171,5,",",",",171,Pnc,Pnc,,PUNCT,",",9
1139,171,6,avant,avant,171,PrA,PrA,/V\.'C/V\,ADP,avant,8
1140,171,7,cestui,cestui,171,Dem,Dem,C/V\.'C/V\,PRON,cist,8
1141,172,1,Ne,ne,172,Neg,Neg$$,C/(e)\,ADV,ne,8
1142,172,2,descendit,descendit,172,Vfin,Vfin,C/V\.C/V\.'C/V\,VERB,descendre,9
1143,172,3,aval,aval,172,PrA,PrA,/V\.'C/V\,ADV,aval,8
1144,172,4,cel,cel,172,Dem,Dem,C/V\,PRON,cil,3
1145,172,5,pui,pui,172,N,N,C/V\,PROPN|NOUN,pui,-10
1146,172,6,.,.,172,Pnc,Pnc,,PUNCT,.,9
1147,173,1,Ci,ci,173,Adv,Adv,C/V\,ADV,ci,8
1148,173,2,aloeces,aloeces,173,Adv,Adv,/V\.'C/V\.C/e\,ADV,aloèce,-10
1149,173,3,fist,fist,173,Vfin,Vfin,C/V\,VERB,faire,9
1150,173,4,atraire,atraire,173,Vinf,Vinf,/V\.'C/V\.C/(e)\,VERB,attraire,9
1151,174,1,Mairen,mairen,174,N,N,C/V\.'C/V\,PROPN,Mairen,-10
1152,174,2,dunt,dunt,174,Qux,Qux,C/V\,ADJ|ADV|DET|PRON,dun,0
1153,174,3,sa,sa,174,Det,Det,C/V\,DET,son,8
1154,174,4,nef,nef,174,N,N,C/V\,NOUN,nef,9
1155,174,5,fist,fist,174,Vfin,Vfin,C/V\,VERB,faire,9
1156,174,6,faire,faire,174,Vinf,Vinf,'C/V\.C/(e)\,VERB,faire,9
1157,174,7,:,:,174,Pnc,Pnc,,PUNCT,:,9
1158,175,1,Tut,tut,175,QIs,QIs,C/V\,ADJ|ADV|DET|NUM|PRON,taire,0
1159,175,2,dedenz,dedenz,175,PrA,PrA,C/V\.'C/V\,ADV,dedans,8
1160,175,3,de,de,175,Pre,Pre,C/(e)\,ADP,de,8
1161,175,4,fust,fust,175,N,N,C/V\,PROPN|NOUN,fût,5
1162,175,5,sapin,sapin,175,N,N,C/V\.'C/V\,NOUN,sapin,8
1163,175,6,",",",",175,Pnc,Pnc,,PUNCT,",",9
1164,176,1,Defors,defors,176,PrA,PrA,C/V\.'C/V\,ADP,défors,-10
1165,176,2,l',l',176,Prn,Prn$$,C/\,PRON,le,3
1166,176,3,avolst,avolst,176,Vfin,Vfin,/V\.'C/V\,VERB,avolt,-10
1167,176,4,de,de,176,Pre,Pre,C/(e)\,ADP,de,8
1168,176,5,quir,quir,176,N,N,C/V\,PROPN|NOUN,cuir,5
1169,176,6,bovin,bovin,176,Adj,Adj,C/V\.'C/V\,ADJ,bovin,6
1170,176,7,;,;,176,Pnc,Pnc,,PUNCT,;,9
1171,177,1,Uindre,uindre,177,Vinf,Vinf,'/V\.C/(e)\,VERB,oindre,9
1172,177,2,la,la,177,Prn,Prn$$,C/V\,PRON,le,3
1173,177,3,fist,fist,177,Vfin,Vfin,C/V\,VERB,faire,9
1174,177,4,qu',qu',177,Sub,Sub,C/\,SCONJ,que,8
1175,177,5,esculante,esculante,177,Vprs,Vprs,/V\.C/V\.'C/V\.C/(e)\,VERB,éculante,-10
1176,178,1,Od,od,178,Pre,Pre,/V\,ADP,o,5
1177,178,2,l',l',178,Det,Det,C/\,DET,le,8
1178,178,3,unde,unde,178,N,N,'/V\.C/(e)\,PROPN|NOUN,onde,6
1179,178,4,fust,fust,178,Vfin,Vfin,C/V\,VERB,être,3
1180,178,5,e,e,178,Crd,Crd,/V\,CCONJ,et,5
1181,178,6,curante,curante,178,Vprs,Vprs,C/V\.'C/V\.C/(e)\,VERB,courir,6
1182,178,7,.,.,178,Pnc,Pnc,,PUNCT,.,9
1183,179,1,Ustilz,ustilz,179,N,N,/V\.'C/V\,NOUN,Ustil,-10
1184,179,2,i,i,179,Prn,Prn$$,/V\,PRON,y,3
1185,179,3,mist,mist,179,Vfin,Vfin,C/V\,VERB,mettre,3
1186,179,4,tant,tant,179,QIs,QIs,C/V\,ADV,tant,8
1187,179,5,cum,cum,179,Sub,Sub,C/V\,SCONJ,comme,5
1188,179,6,estout,estout,179,Vfin,Vfin,/V\.'C/V\,VERB,estout,0
1189,180,1,E,e,180,Crd,Crd,/V\,CCONJ,et,5
1190,180,2,cume,cume,180,Sub,Sub,'C/V\.C/(e)\,SCONJ,comme,5
1191,180,3,la,la,180,Det,Det,C/V\,DET,le,3
1192,180,4,nef,nef,180,N,N,C/V\,NOUN,nef,9
1193,180,5,porter,porter,180,Vinf,Vinf,C/V\.'C/V\,VERB,porter,8
1194,180,6,en,en,180,Prn,Prn$$,/V\,PRON,en,3
1195,180,7,pout,pout,180,Vfin,Vfin,C/V\,VERB,pout,-10
1196,180,8,.,.,180,Pnc,Pnc,,PUNCT,.,9
1197,181,1,La,la,181,Det,Det,C/V\,DET,le,3
1198,181,2,guarisun,guarisun,181,N,N,C/V\.C/V\.'C/V\,NOUN,guérison,6
1199,181,3,i,i,181,Prn,Prn$$,/V\,PRON,y,3
1200,181,4,mist,mist,181,Vfin,Vfin,C/V\,VERB,mettre,3
1201,181,5,odveoc,odveoc,181,PrA,PrA,/V\.'C/V\,ADV,avec,8
1202,182,1,Que,que,182,Qux,Qux,C/(e)\,ADJ|ADV|DET|PRON,que,8
1203,182,2,il,il,182,Prn,Prn$,/V\,PRON,il,9
1204,182,3,aveient,aveient,182,Vfin,Vfin,/V\.'C/V\./e\,VERB,avoir,6
1205,182,4,portét,portét,182,Vpp,Vpp,C/V\.'C/V\,VERB,porter,9
1206,182,5,iloec,iloec,182,Adv,Adv,/V\.'C/V\,ADV,illuec,8
1207,182,6,:,:,182,Pnc,Pnc,,PUNCT,:,9
1208,183,1,Ne,ne,183,Neg,Neg,C/(e)\,ADV,ne,8
1209,183,2,plus,plus,183,Adv,Adv,C/V\,ADV,plus,8
1210,183,3,que,que,183,Sub,Sub,C/(e)\,SCONJ,que,3
1211,183,4,a,a,183,Pre,Pre,/V\,ADP,à,3
1212,183,5,quarante,quarante,183,QIs,QIs,C/V\.'C/V\.C/(e)\,NUM,quarante,3
1213,183,6,dis,dis,183,N,N,C/V\,PROPN|NOUN,dix,0
1214,184,1,De,de,184,Pre,Pre,C/(e)\,ADP,de,8
1215,184,2,vïande,viande,184,N,N,C/V\.'C/V\.C/(e)\,NOUN,viande,9
1216,184,3,n',n',184,Neg,Neg$$,C/\,ADV,ne,8
1217,184,4,i,i,184,Prn,Prn$$,/V\,PRON,y,3
1218,184,5,out,out,184,Vfin,Vfin,/V\,VERB,ouïr,3
1219,184,6,enz,enz,184,PrA,PrA,/V\,ADV,ens,8
1220,184,7,mis,mis,184,Vpp,Vpp,C/V\,VERB,mettre,3
1221,184,8,.,.,184,Pnc,Pnc,,PUNCT,.,9
1222,185,1,Dist,dist,185,Vfin,Vfin,C/V\,VERB,dire,9
1223,185,2,as,as,185,Pre+Det,Pre+Det,/V\,ADP.DET,à.le,3
1224,185,3,freres,freres,185,N,N,'C/V\.C/e\,NOUN,frère,9
1225,185,4,:,:,185,Pnc,Pnc,,PUNCT,:,9
1226,185,5,"""","""",185,Pnc,Pnc,,PUNCT,"""",6
1227,185,6,Entrez,entrez,185,Vfin,Vfin,/V\.'C/V\,VERB,entrer,9
1228,185,7,en,en,185,Prn,Prn%%,/V\,PRON,en,3
1229,185,8,enz,enz,185,PrA,PrA,/V\,ADV,ens,8
1230,185,9,!,!,185,Pnc,Pnc,,PUNCT,!,9
1231,186,1,Deus,deus,186,N,N,C/V\,PROPN|NOUN,de.le,0
1232,186,2,gracïez,graciez,186,Vfin,Vfin,C/V\.C/V\.'C/V\,VERB,gracier,9
1233,186,3,:,:,186,Pnc,Pnc,,PUNCT,:,9
1234,186,4,bons,bons,186,Adj,Adj,C/V\,ADJ,bon,8
1235,186,5,est,est,186,Vfin,Vfin,/V\,VERB,être,3
1236,186,6,li,li,186,Det,Det,C/V\,DET,lui,0
1237,186,7,venz,venz,186,N,N,C/V\,NOUN,vent,8
1238,186,8,.,.,186,Pnc,Pnc,,PUNCT,.,9
1239,186,9,"""","""",186,Pnc,Pnc,,PUNCT,"""",6
1240,187,1,Entrerent,entrerent,187,Vfin,Vfin,/V\.'C/V\.C/e\,VERB,entrer,9
1241,187,2,tuit,tuit,187,QIs,QIs,C/V\,PRON,tuit,-10
1242,187,3,e,e,187,Crd,Crd,/V\,CCONJ,et,5
1243,187,4,il,il,187,Prn,Prn,/V\,PRON,il,9
1244,187,5,aprés,aprés,187,PrA,PrA,/V\.'C/V\,ADV,après,8
1245,187,6,.,.,187,Pnc,Pnc,,PUNCT,.,9
1246,188,1,Ast,ast,188,NVP,NVP,/V\,ADV,avoir,3
1247,188,2,vos,vos,188,Prn,Prn,C/V\,PRON,votre,3
1248,188,3,ja,ja,188,Adv,Adv,C/V\,ADV,jà,3
1249,188,4,tres,tres,188,PrA,PrA,C/V\,ADV,très,8
1250,188,5,curanz,curanz,188,Vprs,Vprs,C/V\.'C/V\,VERB,curer,5
1251,188,6,adés,adés,188,Adv,Adv,/V\.'C/V\,ADV,adès,6
1252,188,7,",",",",188,Pnc,Pnc,,PUNCT,",",9
1253,189,1,A,a,189,Pre,Pre,/V\,ADP,à,3
1254,189,2,haltes,haltes,189,Adj,Adj,'C/V\.C/e\,ADJ,haut,5
1255,189,3,voiz,voiz,189,N,N,C/V\,NOUN,voix,3
1256,189,4,Brandan,brandan,189,N,N,C/V\.'C/V\,PROPN,Brandan,-10
1257,189,5,criant,criant,189,Vprs,Vprs,C/V\.'C/V\,VERB,crier,9
1258,190,1,E,e,190,Crd,Crd,/V\,CCONJ,et,5
1259,190,2,lor,lor,190,Det,Det,C/V\,DET,leur,8
1260,190,3,palmes,palmes,190,N,N,'C/V\.C/e\,NOUN,pâme,0
1261,190,4,vers,vers,190,Pre,Pre,C/V\,ADP,vers,8
1262,190,5,lui,lui,190,Prn,Prn,C/V\,PRON,lui,8
1263,190,6,tendant,tendant,190,Vprs,Vprs,C/V\.'C/V\,VERB,tendre,8
1264,190,7,:,:,190,Pnc,Pnc,,PUNCT,:,9
1265,191,1,"""","""",191,Pnc,Pnc,,PUNCT,"""",6
1266,191,2,De,de,191,Pre,Pre,C/(e)\,ADP,de,8
1267,191,3,ton,ton,191,Det,Det,C/V\,DET,ton,8
1268,191,4,muster,muster,191,N,N,C/V\.'C/V\,PROPN|NOUN,moutier,6
1269,191,5,sumes,sumes,191,Vfin,Vfin,'C/V\.C/e\,VERB,être,9
1270,191,6,meüd,meud,191,Vpp,Vpp,C/(V)\.'/V\,VERB,mouvoir,6
1271,192,1,E,e,192,Crd,Crd,/V\,CCONJ,et,5
1272,192,2,desque,desque,192,PrA,PrA,'C/V\.C/(e)\,ADP,desque,8
1273,192,3,ci,ci,192,Adv,Adv,C/V\,ADV,ci,8
1274,192,4,t',t',192,Prn,Prn$$,C/\,PRON,te,3
1275,192,5,avum,avum,192,Vfin,Vfin,/V\.'C/V\,VERB,avoir,6
1276,192,6,seüd,seud,192,Vpp,Vpp,C/(V)\.'/V\,VERB,suivre,8
1277,192,7,;,;,192,Pnc,Pnc,,PUNCT,;,9
1278,193,1,Lai,lai,193,Vfin,Vfin,C/V\,VERB,lai,0
1279,193,2,nus,nus,193,Prn,Prn%%,C/V\,PRON,nus,-10
1280,193,3,",",",",193,Pnc,Pnc,,PUNCT,",",9
1281,193,4,abes,abes,193,N,N,'/V\.C/e\,NOUN,abbé,6
1282,193,5,",",",",193,Pnc,Pnc,,PUNCT,",",9
1283,193,6,a,a,193,Pre,Pre,/V\,ADP,à,3
1284,193,7,tei,tei,193,Prn,Prn,C/V\,PRON,toi,6
1285,193,8,entrer,entrer,193,Vinf,Vinf,/V\.'C/V\,VERB,entrer,9
1286,194,1,E,e,194,Crd,Crd,/V\,CCONJ,et,5
1287,194,2,od,od,194,Pre,Pre,/V\,ADP,o,8
1288,194,3,tei,tei,194,Prn,Prn,C/V\,PRON,toi,6
1289,194,4,",",",",194,Pnc,Pnc,,PUNCT,",",9
1290,194,5,donz,donz,194,N,N,C/V\,PROPN|NOUN,don,6
1291,194,6,",",",",194,Pnc,Pnc,,PUNCT,",",9
1292,194,7,par,par,194,Pre,Pre,C/V\,ADP,par,8
1293,194,8,mer,mer,194,N,N,C/V\,NOUN,mer,8
1294,194,9,errer,errer,194,Vinf,Vinf,/V\.'C/V\,VERB,errer,9
1295,194,10,.,.,194,Pnc,Pnc,,PUNCT,.,9
1296,194,11,"""","""",194,Pnc,Pnc,,PUNCT,"""",6
1297,195,1,Il,il,195,Prn,Prn$,/V\,PRON,il,9
1298,195,2,les,les,195,Prn,Prn$$,C/V\,PRON,le,3
1299,195,3,cunut,cunut,195,Vfin,Vfin,C/V\.'C/V\,VERB,connaître,6
1300,195,4,e,e,195,Crd,Crd,/V\,CCONJ,et,5
1301,195,5,sis,sis,195,Adv+Prn,Adv+Prn$$,C/V\,ADV.PRON,si.le,5
1302,195,6,receit,receit,195,Vfin,Vfin,C/V\.'C/V\,VERB,recevoir,9
1303,195,7,.,.,195,Pnc,Pnc,,PUNCT,.,9
1304,196,1,Qu',qu',196,Qux,Qux,C/\,PRON,que,3
1305,196,2,en,en,196,Prn,Prn$$,/V\,PRON,en,3
1306,196,3,avendrat,avendrat,196,Vfin,Vfin,/V\.C/V\.'C/V\,VERB,advenir,9
1307,196,4,bien,bien,196,Adv,Adv,C/V\,ADV,bien,8
1308,196,5,le,le,196,Prn,Prn$$,C/(e)\,PRON,le,8
1309,196,6,purveit,purveit,196,Vfin,Vfin,C/V\.'C/V\,VERB,purvoit,-10
1310,196,7,:,:,196,Pnc,Pnc,,PUNCT,:,9
1311,197,1,Ço,ço,197,Prn,Prn,C/V\,PRON,ce,5
1312,197,2,que,que,197,Qux,Qux,C/(e)\,ADJ|ADV|DET|PRON,que,8
1313,197,3,par,par,197,Pre,Pre,C/V\,ADP,par,8
1314,197,4,Deu,deu,197,N,N,C/V\,PROPN,Dieu,5
1315,197,5,le,le,197,Det,Det,C/(e)\,DET,le,8
1316,197,6,abes,abes,197,N,N,'/V\.C/e\,NOUN,abbé,6
1317,197,7,purvit,purvit,197,Vfin,Vfin,C/V\.'C/V\,VERB,purvoir,-10
1318,198,1,Ne,ne,198,Neg,Neg$$,C/(e)\,ADV,ne,8
1319,198,2,lur,lur,198,Prn,Prn$$,C/V\,PRON,leur,5
1320,198,3,celet,celet,198,Vfin,Vfin,'C/V\.C/e\,VERB,celer,5
1321,198,4,",",",",198,Pnc,Pnc,,PUNCT,",",9
1322,198,5,ainz,ainz,198,Crd,Crd,/V\,CCONJ,ains,3
1323,198,6,lur,lur,198,Prn,Prn$$,C/V\,PRON,leur,5
1324,198,7,ad,ad,198,Vfin,Vfin,/V\,VERB,avoir,5
1325,198,8,dist,dist,198,Vpp,Vpp,C/V\,VERB,dire,9
1326,198,9,:,:,198,Pnc,Pnc,,PUNCT,:,9
1327,199,1,"""","""",199,Pnc,Pnc,,PUNCT,"""",6
1328,199,2,Les,les,199,Det,Det,C/V\,DET,le,8
1329,199,3,dous,dous,199,QIs,QIs,C/V\,PRON,dous,-10
1330,199,4,de,de,199,Pre,Pre,C/(e)\,ADP,de,8
1331,199,5,vus,vus,199,Prn,Prn,C/V\,PRON,vous,5
1332,199,6,avrat,avrat,199,Vfin,Vfin,/V\.'C/V\,VERB,avoir,9
1333,199,7,Satan,satan,199,N,N,C/V\.'C/V\,NOUN,satan,8
1334,200,1,Od,od,200,Pre,Pre,/V\,ADP,o,5
1335,200,2,Abiron,abiron,200,N,N,/V\.C/V\.'C/V\,PROPN,Abbiron,-10
1336,200,3,e,e,200,Crd,Crd,/V\,CCONJ,et,5
1337,200,4,od,od,200,Pre,Pre,/V\,ADP,o,5
1338,200,5,Dathan,dathan,200,N,N,C/V\.'C/V\,PROPN,Dathan,9
1339,200,6,.,.,200,Pnc,Pnc,,PUNCT,.,9
1340,201,1,Li,li,201,Det,Det,C/V\,DET,le,3
1341,201,2,tierz,tierz,201,Adj,Adj,C/V\,ADJ,tiers,5
1342,201,3,de,de,201,Pre,Pre,C/(e)\,ADP,de,8
1343,201,4,vus,vus,201,Prn,Prn,C/V\,PRON,vous,5
1344,201,5,mult,mult,201,QIs,QIs,C/V\,ADV,moult,5
1345,201,6,ert,ert,201,Vfin,Vfin,/V\,VERB,être,6
1346,201,7,temptez,temptez,201,Vpp,Vpp,C/V\.'C/V\,VERB,tenter,6
1347,201,8,",",",",201,Pnc,Pnc,,PUNCT,",",9
1348,202,1,Mais,mais,202,Crd,Crd,C/V\,CCONJ,mais,8
1349,202,2,par,par,202,Pre,Pre,C/V\,ADP,par,8
1350,202,3,Deu,deu,202,N,N,C/V\,PROPN,Dieu,5
1351,202,4,ert,ert,202,Vfin,Vfin,/V\,VERB,être,6
1352,202,5,bien,bien,202,Adv,Adv,C/V\,ADV,bien,8
1353,202,6,sustentez,sustentez,202,Vpp,Vpp,C/V\.C/V\.'C/V\,VERB,sustenter,6
1354,202,7,.,.,202,Pnc,Pnc,,PUNCT,.,9
1355,202,8,"""","""",202,Pnc,Pnc,,PUNCT,"""",6
1356,203,1,Quant,quant,203,Sub,Sub,C/V\,SCONJ,quand,3
1357,203,2,out,out,203,Vfin,Vfin,/V\,VERB,ouïr,3
1358,203,3,ço,ço,203,Prn,Prn,C/V\,PRON,ce,5
1359,203,4,dist,dist,203,Vpp,Vpp,C/V\,VERB,dire,9
1360,203,5,l',l',203,Det,Det,C/\,DET,le,8
1361,203,6,abes,abes,203,N,N,'/V\.C/e\,NOUN,abbé,6
1362,203,7,Brandans,brandans,203,N,N,C/V\.'C/V\,PROPN,Brandant,-10
1363,203,8,",",",",203,Pnc,Pnc,,PUNCT,",",9
1364,204,1,Dunc,dunc,204,Adv,Adv,C/V\,ADV,donc,6
1365,204,2,drechet,drechet,204,Vfin,Vfin,'C/V\.C/e\,VERB,dresser,0
1366,204,3,sus,sus,204,PrA,PrA,C/V\,ADP,sus,3
1367,204,4,ambes,ambes,204,QIs,QIs,'/V\.C/e\,ADJ|ADV|DET|NUM|PRON,ambe,8
1368,204,5,les,les,204,Det,Det,C/V\,DET,le,8
1369,204,6,mains,mains,204,N,N,C/V\,NOUN,main,8
1370,205,1,E,e,205,Crd,Crd,/V\,CCONJ,et,5
1371,205,2,Deu,deu,205,N,N,C/V\,PROPN|NOUN,de.le,0
1372,205,3,prïet,priet,205,Vfin,Vfin,'C/V\./(e)\,VERB,prier,6
1373,205,4,escordement,escordement,205,Adv,Adv,/V\.C/V\.C/e\.'C/V\,ADV,escordement,9
1374,206,1,Les,les,206,Det,Det,C/V\,DET,le,8
1375,206,2,seons,seons,206,Adj,Adj,C/V\,ADJ,seoir,3
1376,206,3,fetheilz,fetheilz,206,Adj,Adj,C/V\.'C/V\,ADJ,fidèle,6
1377,206,4,guard,guard,206,Vfin,Vfin,C/V\,VERB,garder,6
1378,206,5,de,de,206,Pre,Pre,C/(e)\,ADP,de,8
1379,206,6,turment,turment,206,N,N,C/V\.'C/V\,NOUN,tourment,6
1380,206,7,.,.,206,Pnc,Pnc,,PUNCT,.,9
1381,207,1,E,e,207,Crd,Crd,/V\,CCONJ,et,5
1382,207,2,puis,puis,207,PrA,PrA,C/V\,ADV,puis,8
1383,207,3,levet,levet,207,Vfin,Vfin,'C/V\.C/e\,VERB,lever,9
1384,207,4,sus,sus,207,PrA,PrA,C/V\,ADP,sus,3
1385,207,5,la,la,207,Det,Det,C/V\,DET,le,3
1386,207,6,destre,destre,207,Adj,Adj,'C/V\.C/(e)\,ADJ,dextre,5
1387,207,7,",",",",207,Pnc,Pnc,,PUNCT,",",9
1388,208,1,Tuz,tuz,208,QIs,QIs,C/V\,PRON,tu,0
1389,208,2,les,les,208,Prn,Prn$$,C/V\,PRON,le,3
1390,208,3,signet,signet,208,Vfin,Vfin,'C/V\.C/e\,VERB,signet,2
1391,208,4,li,li,208,Det,Det,C/V\,DET,le,3
1392,208,5,sainz,sainz,208,Adj,Adj,C/V\,ADJ,sain,3
1393,208,6,prestre,prestre,208,N,N,'C/V\.C/(e)\,NOUN,prêtre,8
1394,208,7,.,.,208,Pnc,Pnc,,PUNCT,.,9
1395,209,1,Drechent,drechent,209,Vfin,Vfin,'C/V\.C/e\,VERB,dresser,9
1396,209,2,le,le,209,Det,Det,C/(e)\,DET,le,8
1397,209,3,mast,mast,209,N,N,C/V\,NOUN,mât,6
1398,209,4,",",",",209,Pnc,Pnc,,PUNCT,",",9
1399,209,5,tendent,tendent,209,Vfin,Vfin,'C/V\.C/e\,VERB,tendre,9
1400,209,6,le,le,209,Det,Det,C/(e)\,DET,le,8
1401,209,7,veil,veil,209,N,N,C/V\,NOUN,veuil,5
1402,209,8,",",",",209,Pnc,Pnc,,PUNCT,",",9
1403,210,1,Vunt,vunt,210,Vfin,Vfin,C/V\,VERB,aller,6
1404,210,2,s',s',210,Prn,Prn%%,C/\,PRON,se,3
1405,210,3,en,en,210,Prn,Prn,/V\,PRON,en,3
1406,210,4,a,a,210,Pre,Pre,/V\,ADP,avoir,3
1407,210,5,plain,plain,210,Adj,Adj,C/V\,ADJ,plein,3
1408,210,6,li,li,210,Det,Det,C/V\,DET,le,3
1409,210,7,Deu,deu,210,N,N,C/V\,PROPN|NOUN,de.le,0
1410,210,8,fetheil,fetheil,210,Adj,Adj,C/V\.'C/V\,ADJ,fetheil,-10
1411,210,9,.,.,210,Pnc,Pnc,,PUNCT,.,9
1412,211,1,Le,le,211,Det,Det,C/(e)\,DET,le,8
1413,211,2,orrez,orrez,211,N,N,/V\.'C/V\,NOUN,ouïr,2
1414,211,3,lur,lur,211,Prn,Prn$$,C/V\,PRON,leur,5
1415,211,4,veint,veint,211,Vfin,Vfin,C/V\,VERB,venir,3
1416,211,5,de,de,211,Pre,Pre,C/(e)\,ADP,de,8
1417,211,6,l',l',211,Det,Det,C/\,DET,le,8
1418,211,7,orïent,orient,211,N,N,/V\.C/V\.'C/V\,PROPN|NOUN,ouïr,0
1419,212,1,Quis,quis,212,Qux+Prn,Qux+Prn$$,C/V\,PRON.PRON,quis,0
1420,212,2,en,en,212,Prn,Prn$$,/V\,PRON,en,3
1421,212,3,meinet,meinet,212,Vfin,Vfin,'C/V\.C/e\,VERB,mener,6
1422,212,4,vers,vers,212,Pre,Pre,C/V\,ADP,vers,8
1423,212,5,occident,occident,212,N,N,/V\.C/V\.'C/V\,NOUN,occident,9
1424,212,6,.,.,212,Pnc,Pnc,,PUNCT,.,9
1425,213,1,Tutes,tutes,213,QIs,QIs,'C/V\.C/e\,PRON,tus,-10
1426,213,2,perdent,perdent,213,Vfin,Vfin,'C/V\.C/e\,VERB,perdre,9
1427,213,3,les,les,213,Det,Det,C/V\,DET,le,8
1428,213,4,veüthes,veuthes,213,N,N,C/(V)\.'/V\.C/e\,NOUN,vête,-10
1429,214,1,Fors,fors,214,PrA,PrA,C/V\,ADP|ADV,Fors,-10
1430,214,2,de,de,214,Pre,Pre,C/(e)\,ADP,de,8
1431,214,3,la,la,214,Det,Det,C/V\,DET,le,3
1432,214,4,mer,mer,214,N,N,C/V\,NOUN,mer,8
1433,214,5,e,e,214,Crd,Crd,/V\,CCONJ,et,5
1434,214,6,des,des,214,Pre+Det,Pre+Det,C/V\,ADP.DET,de.le,3
1435,214,7,nües,nues,214,N,N,'C/V\./e\,NOUN,nue,8
1436,214,8,.,.,214,Pnc,Pnc,,PUNCT,.,9
1437,215,1,Pur,pur,215,Pre,Pre,C/V\,ADP,pour,5
1438,215,2,le,le,215,Det,Det,C/(e)\,DET,le,8
1439,215,3,bon,bon,215,Adj,Adj,C/V\,ADJ,bon,8
1440,215,4,vent,vent,215,N,N,C/V\,NOUN,vent,8
1441,215,5,ne,ne,215,Neg,Neg$$,C/(e)\,ADV,ne,8
1442,215,6,s',s',215,Prn,Prn$$,C/\,PRON,se,3
1443,215,7,en,en,215,Prn,Prn$$,/V\,PRON,en,3
1444,215,8,feignent,feignent,215,Vfin,Vfin,'C/V\.C/e\,VERB,feindre,9
1445,215,9,",",",",215,Pnc,Pnc,,PUNCT,",",9
1446,216,1,Mais,mais,216,Crd,Crd,C/V\,CCONJ,mais,8
1447,216,2,de,de,216,Pre,Pre,C/(e)\,ADP,de,8
1448,216,3,nager,nager,216,Vinf,Vinf,C/V\.'C/V\,VERB,nager,9
1449,216,4,mult,mult,216,QIs,QIs,C/V\,ADV,moult,5
1450,216,5,se,se,216,Prn,Prn$$,C/(e)\,PRON,se,3
1451,216,6,peinent,peinent,216,Vfin,Vfin,'C/V\.C/e\,VERB,peiner,9
1452,216,7,;,;,216,Pnc,Pnc,,PUNCT,;,9
1453,217,1,E,e,217,Crd,Crd,/V\,CCONJ,et,5
1454,217,2,desirent,desirent,217,Vfin,Vfin,C/V\.'C/V\.C/e\,VERB,désirer,9
1455,217,3,pener,pener,217,Vinf,Vinf,C/V\.'C/V\,VERB,peiner,9
1456,217,4,lur,lur,217,Det,Det,C/V\,DET,leur,8
1457,217,5,cors,cors,217,N,N,C/V\,NOUN,cord,-10
1458,218,1,A,a,218,Pre,Pre,/V\,ADP,à,3
1459,218,2,ço,ço,218,Prn,Prn,C/V\,PRON,ce,5
1460,218,3,vetheir,vetheir,218,Vinf,Vinf,C/V\.'C/V\,VERB,voir,6
1461,218,4,pur,pur,218,Pre,Pre,C/V\,ADP,pour,5
1462,218,5,quei,quei,218,Qux,Qux,C/V\,PRON,quei,-10
1463,218,6,vunt,vunt,218,Vfin,Vfin,C/V\,VERB,aller,6
1464,218,7,fors,fors,218,PrA,PrA,C/V\,ADV,fors,3
1465,218,8,.,.,218,Pnc,Pnc,,PUNCT,.,9
1466,219,1,Si,si,219,Adv,Adv,C/V\,ADV,si,8
1467,219,2,cururent,cururent,219,Vfin,Vfin,C/V\.'C/V\.C/e\,VERB,courir,6
1468,219,3,par,par,219,Pre,Pre,C/V\,ADP,par,8
1469,219,4,quinze,quinze,219,QIs,QIs,'C/V\.C/(e)\,ADJ|ADV|DET|NUM|PRON,quinze,8
1470,219,5,jurs,jurs,219,N,N,C/V\,NOUN,jour,6
1471,220,1,Desque,desque,220,Sub,Sub,'C/V\.C/(e)\,SCONJ,desque,8
1472,220,2,li,li,220,Det,Det,C/V\,DET,lui,0
1473,220,3,venz,venz,220,N,N,C/V\,PROPN|NOUN,vent,5
1474,220,4,tuz,tuz,220,QIs,QIs,C/V\,PRON,tus,-10
1475,220,5,lur,lur,220,Prn,Prn$$,C/V\,PRON,leur,5
1476,220,6,fud,fud,220,Vfin,Vfin,C/V\,VERB,être,6
1477,220,7,gurz,gurz,220,Adj,Adj,C/V\,ADJ,gord,2
1478,220,8,:,:,220,Pnc,Pnc,,PUNCT,:,9
1479,221,1,Dunc,dunc,221,Adv,Adv,C/V\,ADV,donc,6
1480,221,2,s',s',221,Prn,Prn$$,C/\,PRON,se,3
1481,221,3,esmaient,esmaient,221,Vfin,Vfin,/V\.'C/V\./e\,VERB,esmayer,6
1482,221,4,tuit,tuit,221,QIs,QIs,C/V\,ADJ|ADV|DET|NUM|PRON,tuire,-10
1483,221,5,li,li,221,Det,Det,C/V\,DET,le,3
1484,221,6,frere,frere,221,N,N,'C/V\.C/(e)\,NOUN,frère,9
1485,222,1,Pur,pur,222,Pre,Pre,C/V\,ADP,pour,5
1486,222,2,le,le,222,Det,Det,C/(e)\,DET,le,8
1487,222,3,vent,vent,222,N,N,C/V\,NOUN,vent,8
1488,222,4,qui,qui,222,Qux,Qux,C/V\,PRON,qui,3
1489,222,5,falit,falit,222,Vpp,Vpp,C/V\.'C/V\,VERB,faillir,6
1490,222,6,ere,ere,222,Vfin,Vfin,'/V\.C/(e)\,VERB,ère,-10
1491,222,7,.,.,222,Pnc,Pnc,,PUNCT,.,9
1492,223,1,Li,li,223,Det,Det,C/V\,DET,le,3
1493,223,2,abes,abes,223,N,N,'/V\.C/e\,NOUN,abbé,6
1494,223,3,dunc,dunc,223,Adv,Adv,C/V\,ADV,donc,6
1495,223,4,les,les,223,Prn,Prn$$,C/V\,PRON,le,3
1496,223,5,amonestet,amonestet,223,Vfin,Vfin,/V\.C/V\.'C/V\.C/e\,VERB,admonester,6
1497,223,6,",",",",223,Pnc,Pnc,,PUNCT,",",9
1498,224,1,Que,que,224,Sub,Sub,C/(e)\,SCONJ,que,3
1499,224,2,curages,curages,224,N,N,C/V\.'C/V\.C/e\,NOUN,curage,3
1500,224,3,unc,unc,224,Adv,Adv,/V\,ADV,onques,5
1501,224,4,ne,ne,224,Neg,Neg$$,C/(e)\,ADV,ne,8
1502,224,5,cesset,cesset,224,Vfin,Vfin,'C/V\.C/(e)\,VERB,cesser,9
1503,224,6,:,:,224,Pnc,Pnc,,PUNCT,:,9
1504,225,1,"""","""",225,Pnc,Pnc,,PUNCT,"""",6
1505,225,2,Metez,metez,225,Vfin,Vfin,C/V\.'C/V\,VERB,mettre,9
1506,225,3,vus,vus,225,Prn,Prn%%,C/V\,PRON,vous,5
1507,225,4,en,en,225,Pre,Pre,/V\,ADP,en,3
1508,225,5,Deu,deu,225,N,N,C/V\,PROPN|NOUN,de.le,0
1509,225,6,maneie,maneie,225,N,N,C/V\.'C/V\./(e)\,NOUN,manie,0
1510,225,7,",",",",225,Pnc,Pnc,,PUNCT,",",9
1511,226,1,E,e,226,Crd,Crd,/V\,CCONJ,et,5
1512,226,2,n',n',226,Neg,Neg$$,C/\,ADV,ne,8
1513,226,3,i,i,226,Prn,Prn$$,/V\,PRON,y,3
1514,226,4,ait,ait,226,Vfin,Vfin,/V\,VERB,avoir,3
1515,226,5,nul,nul,226,QIs,QIs,C/V\,PRON,nul,8
1516,226,6,qui,qui,226,Qux,Qux,C/V\,PRON,qui,3
1517,226,7,s',s',226,Prn,Prn$$,C/\,PRON,se,3
1518,226,8,esmaie,esmaie,226,Vfin,Vfin,/V\.'C/V\./(e)\,VERB,esmayer,9
1519,226,9,!,!,226,Pnc,Pnc,,PUNCT,!,9
1520,227,1,Quant,quant,227,Sub,Sub,C/V\,SCONJ,quant,3
1521,227,2,averez,averez,227,Vfin,Vfin,/V\.C/e\.'C/V\,VERB,avoir,3
1522,227,3,vent,vent,227,N,N,C/V\,NOUN,vent,8
1523,227,4,",",",",227,Pnc,Pnc,,PUNCT,",",9
1524,227,5,siglez,siglez,227,Vfin,Vfin,C/V\.'C/V\,VERB,sigle,4
1525,227,6,sulunc,sulunc,227,PrA,PrA,C/V\.'C/V\,ADP|ADV,selon,6
1526,227,7,;,;,227,Pnc,Pnc,,PUNCT,;,9
1527,228,1,Cum,cum,228,Sub,Sub,C/V\,SCONJ,comme,5
1528,228,2,venz,venz,228,N,N,C/V\,PROPN|NOUN,vent,5
1529,228,3,n',n',228,Neg,Neg$$,C/\,ADV,ne,8
1530,228,4,i,i,228,Prn,Prn$$,/V\,PRON,y,3
1531,228,5,ert,ert,228,Vfin,Vfin,/V\,VERB,être,6
1532,228,6,",",",",228,Pnc,Pnc,,PUNCT,",",9
1533,228,7,nagez,nagez,228,Vfin,Vfin,C/V\.'C/V\,VERB,nager,5
1534,228,8,idunc,idunc,228,Adv,Adv,/V\.'C/V\,ADV,donc,8
1535,228,9,!,!,228,Pnc,Pnc,,PUNCT,!,9
1536,228,10,"""","""",228,Pnc,Pnc,,PUNCT,"""",6
1537,229,1,As,as,229,Pre+Det,Pre+Det,/V\,ADP.DET,avoir,0
1538,229,2,aviruns,aviruns,229,N,N,/V\.C/V\.'C/V\,NOUN,avirun,-10
1539,229,3,dunc,dunc,229,Adv,Adv,C/V\,ADV,donc,6
1540,229,4,se,se,229,Prn,Prn$$,C/(e)\,PRON,se,3
1541,229,5,metent,metent,229,Vfin,Vfin,'C/V\.C/e\,VERB,mettre,6
1542,229,6,.,.,229,Pnc,Pnc,,PUNCT,.,9
1543,230,1,La,la,230,Det,Det,C/V\,DET,le,3
1544,230,2,grace,grace,230,N,N,'C/V\.C/(e)\,NOUN,grâce,8
1545,230,3,Deu,deu,230,N,N,C/V\,PROPN|NOUN,de.le,0
1546,230,4,mult,mult,230,QIs,QIs,C/V\,ADV,moult,5
1547,230,5,regrettent,regrettent,230,Vfin,Vfin,C/V\.'C/V\.C/e\,VERB,regretter,9
1548,230,6,",",",",230,Pnc,Pnc,,PUNCT,",",9
1549,231,1,Quer,quer,231,Crd,Crd,C/V\,CCONJ,car,5
1550,231,2,ne,ne,231,Neg,Neg$$,C/(e)\,ADV,ne,8
1551,231,3,sevent,sevent,231,Vfin,Vfin,'C/V\.C/e\,VERB,sevoir,-10
1552,231,4,quel,quel,231,Qux,Qux,C/V\,DET,quel,8
1553,231,5,part,part,231,N,N,C/V\,NOUN,part,3
1554,231,6,aler,aler,231,Vinf,Vinf,/V\.'C/V\,VERB,aller,9
1555,231,7,",",",",231,Pnc,Pnc,,PUNCT,",",9
1556,232,1,Ne,ne,232,Crd,Crd,C/(e)\,CCONJ,ne,8
1557,232,2,quels,quels,232,Qux,Qux,C/V\,DET,quel,8
1558,232,3,cordes,cordes,232,N,N,'C/V\.C/e\,NOUN,corde,8
1559,232,4,deient,deient,232,Vfin,Vfin,'C/V\./e\,VERB,devoir,6
1560,232,5,aler,aler,232,Vinf,Vinf,/V\.'C/V\,VERB,aller,9
1561,232,6,",",",",232,Pnc,Pnc,,PUNCT,",",9
1562,233,1,Quel,quel,233,Qux,Qux,C/V\,DET,quel,8
1563,233,2,part,part,233,N,N,C/V\,NOUN,part,3
1564,233,3,beitrer,beitrer,233,Vinf,Vinf,C/V\.'C/V\,VERB,béitrer,-10
1565,233,4,",",",",233,Pnc,Pnc,,PUNCT,",",9
1566,233,5,quel,quel,233,Qux,Qux,C/V\,DET,quel,8
1567,233,6,part,part,233,N,N,C/V\,NOUN,part,3
1568,233,7,tendre,tendre,233,Vinf,Vinf,'C/V\.C/(e)\,VERB,tendre,8
1569,233,8,",",",",233,Pnc,Pnc,,PUNCT,",",9
1570,234,1,Ne,ne,234,Crd,Crd,C/(e)\,CCONJ,ne,8
1571,234,2,u,u,234,Qux,Qux,/V\,PRON,où,5
1572,234,3,devrunt,devrunt,234,Vfin,Vfin,C/V\.'C/V\,VERB,devoir,9
1573,234,4,lur,lur,234,Det,Det,C/V\,DET,leur,8
1574,234,5,curs,curs,234,N,N,C/V\,NOUN,cur,-10
1575,234,6,prendre,prendre,234,Vinf,Vinf,'C/V\.C/(e)\,VERB,prendre,9
1576,234,7,.,.,234,Pnc,Pnc,,PUNCT,.,9
1577,235,1,Un,un,235,QIs,QIs,/V\,DET,un,3
1578,235,2,meis,meis,235,N,N,C/V\,NOUN,meis,-10
1579,235,3,sanz,sanz,235,Pre,Pre,C/V\,ADP,sans,8
1580,235,4,vent,vent,235,N,N,C/V\,NOUN,vent,8
1581,235,5,nagerent,nagerent,235,Vfin,Vfin,C/V\.'C/V\.C/e\,VERB,nager,9
1582,235,6,tut,tut,235,QIs,QIs,C/V\,ADJ|ADV|DET|NUM|PRON,taire,0
1583,235,7,plein,plein,235,Adj,Adj,C/V\,ADJ,plein,3
1584,236,1,Tuit,tuit,236,QIs,QIs,C/V\,ADJ|ADV|DET|NUM|PRON,tuire,-10
1585,236,2,li,li,236,Det,Det,C/V\,DET,le,3
1586,236,3,frere,frere,236,N,N,'C/V\.C/(e)\,NOUN,frère,9
1587,236,4,par,par,236,Pre,Pre,C/V\,ADP,par,8
1588,236,5,nul,nul,236,QIs,QIs,C/V\,DET,nul,8
1589,236,6,desdeign,desdeign,236,N,N,C/V\.'C/V\,NOUN,dédeign,-10
1590,236,7,.,.,236,Pnc,Pnc,,PUNCT,.,9
1591,237,1,Tant,tant,237,QIs,QIs,C/V\,ADV,tant,8
1592,237,2,cum,cum,237,Sub,Sub,C/V\,SCONJ,comme,5
1593,237,3,durat,durat,237,Vfin,Vfin,C/V\.'C/V\,VERB,durer,3
1594,237,4,lur,lur,237,Det,Det,C/V\,DET,leur,8
1595,237,5,vitaile,vitaile,237,N,N,C/V\.'C/V\.C/(e)\,NOUN,vitaille,0
1596,237,6,",",",",237,Pnc,Pnc,,PUNCT,",",9
1597,238,1,Pener,pener,238,Vinf,Vinf,C/V\.'C/V\,VERB,peiner,6
1598,238,2,pourent,pourent,238,Vfin,Vfin,'C/V\.C/e\,VERB,pouvoir,3
1599,238,3,sanz,sanz,238,Pre,Pre,C/V\,ADP,sans,8
1600,238,4,defaile,defaile,238,N,N,C/V\.'C/V\.C/(e)\,NOUN,défaillir,2
1601,238,5,.,.,238,Pnc,Pnc,,PUNCT,.,9
1602,239,1,Force,force,239,N,N,'C/V\.C/(e)\,PROPN,Force,-10
1603,239,2,perdent,perdent,239,Vfin,Vfin,'C/V\.C/e\,VERB,perdre,9
1604,239,3,e,e,239,Crd,Crd,/V\,CCONJ,et,5
1605,239,4,vïande,viande,239,N,N,C/V\.'C/V\.C/(e)\,NOUN,viande,9
1606,239,5,;,;,239,Pnc,Pnc,,PUNCT,;,9
1607,240,1,Puroc,puroc,240,Adv,Adv,C/V\.'C/V\,ADV,puroc,-10
1608,240,2,ourent,ourent,240,Vfin,Vfin,'/V\.C/e\,VERB,ouïr,3
1609,240,3,poür,poür,240,N,N,C/V\.'C/V\,PROPN|NOUN,peur,6
1610,240,4,grande,grande,240,Adj,Adj,'C/V\.C/(e)\,ADJ,grand,9
1611,240,5,.,.,240,Pnc,Pnc,,PUNCT,.,9
1612,241,1,Cum,cum,241,Sub,Sub,C/V\,SCONJ,comme,5
1613,241,2,lur,lur,241,Prn,Prn$$,C/V\,PRON,leur,5
1614,241,3,avient,avient,241,Vfin,Vfin,/V\.'C/V\,VERB,advenir,3
1615,241,4,li,li,241,Det,Det,C/V\,DET,le,3
1616,241,5,granz,granz,241,Adj,Adj,C/V\,ADJ,grand,9
1617,241,6,busuinz,busuinz,241,N,N,C/V\.'C/V\,NOUN,busuin,-10
1618,241,7,",",",",241,Pnc,Pnc,,PUNCT,",",9
1619,242,1,A,a,242,Pre,Pre,/V\,ADP,à,3
1620,242,2,ses,ses,242,Det,Det,C/V\,DET,son,8
1621,242,3,fetheilz,fetheilz,242,Adj,Adj,C/V\.'C/V\,ADJ,fidèle,6
1622,242,4,Deus,deus,242,N,N,C/V\,PROPN,Dieu,5
1623,242,5,n',n',242,Neg,Neg$$,C/\,ADV,ne,8
1624,242,6,est,est,242,Vfin,Vfin,/V\,VERB,être,3
1625,242,7,luinz,luinz,242,Adv,Adv,C/V\,ADV,loin,6
1626,242,8,:,:,242,Pnc,Pnc,,PUNCT,:,9
1627,243,1,Puroc,puroc,243,Adv,Adv,C/V\.'C/V\,ADV,puroc,-10
1628,243,2,ne,ne,243,Neg,Neg$$,C/(e)\,ADV,ne,8
1629,243,3,deit,deit,243,Vfin,Vfin,C/V\,VERB,dire,3
1630,243,4,hoem,hoem,243,Prn,Prn%,C/V\,PRON,houme,-10
1631,243,5,mescreire,mescreire,243,Vinf,Vinf,C/V\.'C/V\.C/(e)\,VERB,mécroire,6
1632,243,6,.,.,243,Pnc,Pnc,,PUNCT,.,9
1633,244,1,Si,si,244,Sub,Sub,C/V\,SCONJ,si,8
1634,244,2,cil,cil,244,Dem,Dem,C/V\,PRON,cil,8
1635,244,3,enprent,enprent,244,Vfin,Vfin,/V\.'C/V\,VERB,emprendre,6
1636,244,4,pur,pur,244,Pre,Pre,C/V\,ADP,pour,5
1637,244,5,Deu,deu,244,N,N,C/V\,PROPN,Dieu,5
1638,244,6,eire,eire,244,N,N,'/V\.C/(e)\,NOUN,erre|aire,-1
1639,244,7,",",",",244,Pnc,Pnc,,PUNCT,",",9
1640,245,1,Tant,tant,245,QIs,QIs,C/V\,ADV,tant,8
1641,245,2,en,en,245,Prn,Prn$$,/V\,PRON,en,3
1642,245,3,face,face,245,Vfin,Vfin,'C/V\.C/(e)\,VERB,faire,8
1643,245,4,cum,cum,245,Sub,Sub,C/V\,SCONJ,comme,5
1644,245,5,faire,faire,245,Vinf,Vinf,'C/V\.C/(e)\,VERB,faire,9
1645,245,6,pout,pout,245,Vfin,Vfin,C/V\,VERB,pouvoir,3
1646,245,7,;,;,245,Pnc,Pnc,,PUNCT,;,9
1647,246,1,Deus,deus,246,N,N,C/V\,PROPN|NOUN,deus,0
1648,246,2,li,li,246,Prn,Prn$$,C/V\,PRON,lui,3
1649,246,3,truverat,truverat,246,Vfin,Vfin,C/V\.C/e\.'C/V\,VERB,trouver,6
1650,246,4,ço,ço,246,Prn,Prn,C/V\,PRON,ce,5
1651,246,5,que,que,246,Qux,Qux,C/(e)\,PRON,que,8
1652,246,6,lui,lui,246,Prn,Prn$$,C/V\,PRON,lui,8
1653,246,7,estout,estout,246,Vfin,Vfin,/V\.'C/V\,VERB,étouir,-10
1654,246,8,.,.,246,Pnc,Pnc,,PUNCT,.,9
1655,247,1,Terre,terre,247,N,N,'C/V\.C/(e)\,NOUN,terre,8
1656,247,2,veient,veient,247,Vfin,Vfin,'C/V\./e\,VERB,voir,6
1657,247,3,grande,grande,247,Adj,Adj,'C/V\.C/(e)\,ADJ,grand,9
1658,247,4,e,e,247,Crd,Crd,/V\,CCONJ,et,5
1659,247,5,halte,halte,247,Adj,Adj,'C/V\.C/(e)\,ADJ,haut,5
1660,247,6,.,.,247,Pnc,Pnc,,PUNCT,.,9
1661,248,1,Li,li,248,Det,Det,C/V\,DET,lui,0
1662,248,2,venz,venz,248,N,N,C/V\,PROPN|NOUN,vent,5
1663,248,3,lur,lur,248,Prn,Prn$$,C/V\,PRON,leur,5
1664,248,4,vient,vient,248,Vfin,Vfin,C/V\,VERB,venir,9
1665,248,5,sanz,sanz,248,Pre,Pre,C/V\,ADP,sans,8
1666,248,6,defalte,defalte,248,N,N,C/V\.'C/V\.C/(e)\,NOUN,défaute,6
1667,248,7,:,:,248,Pnc,Pnc,,PUNCT,:,9
1668,249,1,Qui,qui,249,Qux,Qux,C/V\,PRON,qui,3
1669,249,2,de,de,249,Pre,Pre,C/(e)\,ADP,de,8
1670,249,3,nager,nager,249,Vinf,Vinf,C/V\.'C/V\,VERB,nager,9
1671,249,4,erent,erent,249,Vfin,Vfin,'/V\.C/e\,VERB,avoir,0
1672,249,5,penét,penét,249,Vpp,Vpp,C/V\.'C/V\,VERB,peiner,9
1673,250,1,Sanz,sanz,250,Pre,Pre,C/V\,ADP,sans,8
1674,250,2,tuz,tuz,250,QIs,QIs,C/V\,DET,tut,-10
1675,250,3,travalz,travalz,250,N,N,C/V\.'C/V\,NOUN,travail,9
1676,250,4,la,la,250,Adv,Adv,C/V\,ADV,là,8
1677,250,5,sunt,sunt,250,Vfin,Vfin,C/V\,VERB,être,3
1678,250,6,menét,menét,250,Vpp,Vpp,C/V\.'C/V\,VERB,mener,0
1679,250,7,.,.,250,Pnc,Pnc,,PUNCT,.,9
1680,251,1,Mais,mais,251,Crd,Crd,C/V\,CCONJ,mais,8
1681,251,2,n',n',251,Neg,Neg$$,C/\,ADV,ne,8
1682,251,3,i,i,251,Prn,Prn$$,/V\,PRON,y,3
1683,251,4,truvent,truvent,251,Vfin,Vfin,'C/V\.C/e\,VERB,trouver,6
1684,251,5,nul',nul',251,QIs,QIs,C/V\,DET,nul,9
1685,251,6,entrethe,entrethe,251,Vpp,Vpp,/V\.'C/V\.C/(e)\,VERB,entrete,0
1686,252,1,U,u,252,Qux,Qux,/V\,ADJ|ADV|DET|PRON,u,0
1687,252,2,lur,lur,252,Det,Det,C/V\,DET,leur,8
1688,252,3,nef,nef,252,N,N,C/V\,NOUN,nef,9
1689,252,4,fust,fust,252,Vfin,Vfin,C/V\,VERB,être,3
1690,252,5,eschipede,eschipede,252,Vpp,Vpp,/V\.C/V\.'C/V\.C/(e)\,VERB,escipéder,-10
1691,252,6,",",",",252,Pnc,Pnc,,PUNCT,",",9
1692,253,1,Quer,quer,253,Crd,Crd,C/V\,CCONJ,car,5
1693,253,2,de,de,253,Pre,Pre,C/(e)\,ADP,de,8
1694,253,3,rocheiz,rocheiz,253,N,N,C/V\.'C/V\,NOUN,rochis,-10
1695,253,4,ert,ert,253,Vfin,Vfin,/V\,VERB,être,6
1696,253,5,aclose,aclose,253,Vpp,Vpp,/V\.'C/V\.C/(e)\,VERB,aclose,-10
1697,254,1,U,u,254,Qux,Qux,/V\,ADJ|ADV|DET|PRON,un,3
1698,254,2,nul,nul,254,QIs,QIs,C/V\,PRON,nul,8
1699,254,3,d',d',254,Pre,Pre,C/\,ADP,de,9
1700,254,4,eals,eals,254,Prn,Prn$,/V\,PRON,lui,8
1701,254,5,entrer,entrer,254,Vinf,Vinf,/V\.'C/V\,VERB,entrer,9
1702,254,6,n',n',254,Neg,Neg$$,C/\,ADV,ne,8
1703,254,7,ose,ose,254,Vfin,Vfin,'/V\.C/(e)\,VERB,oser,3
1704,254,8,.,.,254,Pnc,Pnc,,PUNCT,.,9
1705,255,1,Halt,halt,255,Adj,Adj,C/V\,ADJ,haut,5
1706,255,2,sunt,sunt,255,Vfin,Vfin,C/V\,VERB,être,3
1707,255,3,li,li,255,Det,Det,C/V\,DET,le,3
1708,255,4,pui,pui,255,N,N,C/V\,PROPN|NOUN,pui,-10
1709,255,5,en,en,255,Pre,Pre,/V\,ADP,en,3
1710,255,6,l',l',255,Det,Det,C/\,DET,le,8
1711,255,7,air,air,255,N,N,/V\,NOUN,air,3
1712,255,8,tendant,tendant,255,Vprs,Vprs,C/V\.'C/V\,VERB,tendre,8
1713,255,9,",",",",255,Pnc,Pnc,,PUNCT,",",9
1714,256,1,E,e,256,Crd,Crd,/V\,CCONJ,et,5
1715,256,2,sur,sur,256,PrA,PrA,C/V\,ADP,sur,8
1716,256,3,la,la,256,Det,Det,C/V\,DET,le,3
1717,256,4,mer,mer,256,N,N,C/V\,NOUN,mer,8
1718,256,5,en,en,256,Pre,Pre,/V\,ADP,en,3
1719,256,6,luin,luin,256,Adv,Adv,C/V\,ADV,loin,6
1720,256,7,pendant,pendant,256,Vprs,Vprs,C/V\.'C/V\,VERB,pendre,8
1721,256,8,.,.,256,Pnc,Pnc,,PUNCT,.,9
1722,257,1,Des,des,257,Pre+Det,Pre+Det,C/V\,ADP.DET,de.le,3
1723,257,2,creos,creos,257,N,N,C/V\,NOUN,créo,-10
1724,257,3,desuz,desuz,257,PrA,PrA,C/V\.'C/V\,ADP,desus,-10
1725,257,4,la,la,257,Det,Det,C/V\,DET,le,3
1726,257,5,mer,mer,257,N,N,C/V\,NOUN,mer,8
1727,257,6,resort,resort,257,Vfin,Vfin,C/V\.'C/V\,VERB,ressort,2
1728,257,7,",",",",257,Pnc,Pnc,,PUNCT,",",9
1729,258,1,Pur,pur,258,Pre,Pre,C/V\,ADP,pour,5
1730,258,2,quei,quei,258,Qux,Qux,C/V\,DET,quel,5
1731,258,3,peril,peril,258,N,N,C/e\.'C/V\,NOUN,péril,9
1732,258,4,i,i,258,Prn,Prn$$,/V\,PRON,y,3
1733,258,5,at,at,258,Vfin,Vfin,/V\,VERB,avoir,9
1734,258,6,mult,mult,258,QIs,QIs,C/V\,ADV,moult,5
1735,258,7,fort,fort,258,Adj,Adj,C/V\,ADJ,fort,8
1736,258,8,.,.,258,Pnc,Pnc,,PUNCT,.,9
1737,259,1,Amunt,amunt,259,PrA,PrA,/V\.'C/V\,ADV,amont,5
1738,259,2,aval,aval,259,PrA,PrA,/V\.'C/V\,ADP|ADV,aval,5
1739,259,3,port,port,259,N,N,C/V\,NOUN,port,8
1740,259,4,i,i,259,Prn,Prn$$,/V\,PRON,y,3
1741,259,5,quistrent,quistrent,259,Vfin,Vfin,'C/V\.C/e\,VERB,quérir,3
1742,259,6,",",",",259,Pnc,Pnc,,PUNCT,",",9
1743,260,1,E,e,260,Crd,Crd,/V\,CCONJ,et,5
1744,260,2,al,al,260,Pre+Det,Pre+Det,/V\,ADP.DET,à.le,3
1745,260,3,querre,querre,260,Vinf,Vinf,'C/V\.C/(e)\,VERB,quérir,3
1746,260,4,treis,treis,260,QIs,QIs,C/V\,ADJ|ADV|DET|NUM|PRON,trois,5
1747,260,5,jurs,jurs,260,N,N,C/V\,NOUN,jour,6
1748,260,6,mistrent,mistrent,260,Vfin,Vfin,'C/V\.C/e\,VERB,mettre,3
1749,260,7,.,.,260,Pnc,Pnc,,PUNCT,.,9
1750,261,1,Un,un,261,QIs,QIs,/V\,DET,un,3
1751,261,2,port,port,261,N,N,C/V\,NOUN,port,8
1752,261,3,truvent,truvent,261,Vfin,Vfin,'C/V\.C/e\,VERB,trouver,6
1753,261,4,",",",",261,Pnc,Pnc,,PUNCT,",",9
1754,261,5,la,la,261,Adv,Adv,C/V\,ADV,là,8
1755,261,6,se,se,261,Prn,Prn$$,C/(e)\,PRON,se,3
1756,261,7,sunt,sunt,261,Vfin,Vfin,C/V\,VERB,être,3
1757,261,8,mis,mis,261,Vpp,Vpp,C/V\,VERB,mettre,3
1758,261,9,",",",",261,Pnc,Pnc,,PUNCT,",",9
1759,262,1,Qui,qui,262,Qux,Qux,C/V\,PRON,qui,3
1760,262,2,fud,fud,262,Vfin,Vfin,C/V\,VERB,être,6
1761,262,3,trenchéd,trenchéd,262,Vpp,Vpp,C/V\.'C/V\,VERB,trancher,0
1762,262,4,al,al,262,Pre+Det,Pre+Det,/V\,ADP.DET,à.le,3
1763,262,5,liois,liois,262,N,N,C/V\.'C/V\,NOUN,liais,5
1764,262,6,bis,bis,262,Adj,Adj,C/V\,ADJ,bis,3
1765,262,7,",",",",262,Pnc,Pnc,,PUNCT,",",9
1766,263,1,Mais,mais,263,Crd,Crd,C/V\,CCONJ,mais,8
1767,263,2,n',n',263,Neg,Neg$$,C/\,ADV,ne,8
1768,263,3,i,i,263,Prn,Prn$$,/V\,PRON,y,3
1769,263,4,unt,unt,263,Vfin,Vfin,/V\,VERB,avoir,8
1770,263,5,leu,leu,263,N,N,C/V\,PROPN|NOUN,le,0
1771,263,6,fors,fors,263,PrA,PrA,C/V\,ADP|ADV,fort,3
1772,263,7,de,de,263,Pre,Pre,C/(e)\,ADP,de,8
1773,263,8,une,une,263,QIs,QIs,'/V\.C/(e)\,DET,un,3
1774,263,9,nef,nef,263,N,N,C/V\,NOUN,nef,9
1775,263,10,;,;,263,Pnc,Pnc,,PUNCT,;,9
1776,264,1,Cil,cil,264,Dem,Dem,C/V\,PRON,cil,8
1777,264,2,fud,fud,264,Vfin,Vfin,C/V\,VERB,être,6
1778,264,3,faitiz,faitiz,264,Vpp,Vpp,C/V\.'C/V\,VERB,faitis,2
1779,264,4,en,en,264,Pre,Pre,/V\,ADP,en,3
1780,264,5,le,le,264,Det,Det,C/(e)\,DET,le,8
1781,264,6,rocheit,rocheit,264,N,N,C/V\.'C/V\,NOUN,rochet,0
1782,264,7,blef,blef,264,Adj,Adj,C/V\,ADJ,bles,5
1783,264,8,.,.,264,Pnc,Pnc,,PUNCT,.,9
1784,265,1,Ferment,ferment,265,Vfin,Vfin,C/V\.'C/V\,VERB,fermer,5
1785,265,2,la,la,265,Det,Det,C/V\,DET,le,3
1786,265,3,nef,nef,265,N,N,C/V\,NOUN,nef,9
1787,265,4,",",",",265,Pnc,Pnc,,PUNCT,",",9
1788,265,5,eisent,eisent,265,Vfin,Vfin,'/V\.C/e\,VERB,issir,6
1789,265,6,s',s',265,Prn,Prn%%,C/\,PRON,se,3
1790,265,7,en,en,265,Prn,Prn,/V\,PRON,en,3
1791,265,8,tuit,tuit,265,QIs,QIs,C/V\,ADJ|ADV|DET|NUM|PRON,tuire,-10
1792,265,9,",",",",265,Pnc,Pnc,,PUNCT,",",9
1793,266,1,Vunt,vunt,266,Vfin,Vfin,C/V\,VERB,aller,6
1794,266,2,la,la,266,Det,Det,C/V\,DET,le,3
1795,266,3,veie,veie,266,N,N,'C/V\./(e)\,NOUN,voie,5
1796,266,4,qui,qui,266,Qux,Qux,C/V\,PRON,qui,3
1797,266,5,bien,bien,266,Adv,Adv,C/V\,ADV,bien,8
1798,266,6,les,les,266,Prn,Prn$$,C/V\,PRON,le,3
1799,266,7,duit,duit,266,Vfin,Vfin,C/V\,VERB,duire,3
1800,266,8,.,.,266,Pnc,Pnc,,PUNCT,.,9
1801,267,1,Dreit,dreit,267,Adv,Adv,C/V\,ADV,droit,5
1802,267,2,les,les,267,Prn,Prn$$,C/V\,PRON,le,3
1803,267,3,meinet,meinet,267,Vfin,Vfin,'C/V\.C/e\,VERB,mener,9
1804,267,4,a,a,267,Pre,Pre,/V\,ADP,à,3
1805,267,5,un,un,267,QIs,QIs,/V\,DET,un,3
1806,267,6,castel,castel,267,N,N,C/V\.'C/V\,NOUN,château,6
1807,268,1,Qui,qui,268,Qux,Qux,C/V\,PRON,qui,3
1808,268,2,riches,riches,268,Adj,Adj,'C/V\.C/e\,ADJ,riche,9
1809,268,3,ert,ert,268,Vfin,Vfin,/V\,VERB,être,6
1810,268,4,e,e,268,Crd,Crd,/V\,CCONJ,et,5
1811,268,5,grant,grant,268,Adj,Adj,C/V\,ADJ,grand,8
1812,268,6,e,e,268,Crd,Crd,/V\,CCONJ,et,5
1813,268,7,bel,bel,268,Adj,Adj,C/V\,ADJ,beau,3
1814,269,1,E,e,269,Crd,Crd,/V\,CCONJ,et,5
1815,269,2,resemblout,resemblout,269,Vfin,Vfin,C/V\.C/V\.'C/V\,VERB,resembler,-10
1816,269,3,mult,mult,269,QIs,QIs,C/V\,ADV,moult,5
1817,269,4,regal,regal,269,Adj,Adj,C/V\.'C/V\,ADJ,regal,6
1818,269,5,leu,leu,269,N,N,C/V\,PROPN|NOUN,lire,0
1819,269,6,",",",",269,Pnc,Pnc,,PUNCT,",",9
1820,270,1,De,de,270,Pre,Pre,C/(e)\,ADP,de,8
1821,270,2,emperur,emperur,270,N,N,/V\.C/e\.'C/V\,NOUN,empereur,6
1822,270,3,mult,mult,270,QIs,QIs,C/V\,ADV,moult,5
1823,270,4,riche,riche,270,Adj,Adj,'C/V\.C/(e)\,ADJ,riche,8
1824,270,5,feu,feu,270,Vfin,Vfin,C/V\,VERB,être,5
1825,270,6,.,.,270,Pnc,Pnc,,PUNCT,.,9
1826,271,1,Entrerent,entrerent,271,Vfin,Vfin,/V\.'C/V\.C/e\,VERB,entrer,9
1827,271,2,enz,enz,271,PrA,PrA,/V\,ADV,ens,8
1828,271,3,dedenz,dedenz,271,PrA,PrA,C/V\.'C/V\,ADP,dedans,8
1829,271,4,le,le,271,Det,Det,C/(e)\,DET,le,8
1830,271,5,mur,mur,271,N,N,C/V\,NOUN,mur,8
1831,272,1,Qui,qui,272,Qux,Qux,C/V\,PRON,qui,3
1832,272,2,tuz,tuz,272,QIs,QIs,C/V\,PRON,tus,-10
1833,272,3,ert,ert,272,Vfin,Vfin,/V\,VERB,être,6
1834,272,4,faiz,faiz,272,Vpp,Vpp,C/V\,VERB,faire,8
1835,272,5,de,de,272,Pre,Pre,C/(e)\,ADP,de,8
1836,272,6,cristal,cristal,272,N,N,C/V\.'C/V\,PROPN|NOUN,cristal,9
1837,272,7,dur,dur,272,Adj,Adj,C/V\,ADJ,dur,8
1838,272,8,.,.,272,Pnc,Pnc,,PUNCT,.,9
1839,273,1,Paleiz,paleiz,273,N,N,C/V\.'C/V\,PROPN,palis,2
1840,273,2,veient,veient,273,Vfin,Vfin,'C/V\./e\,VERB,voir,6
1841,273,3,tuz,tuz,273,QIs,QIs,C/V\,PRON,tus,-10
1842,273,4,a,a,273,Pre,Pre,/V\,ADP,à,3
1843,273,5,marbre,marbre,273,N,N,'C/V\.C/(e)\,NOUN,marbre,3
1844,273,6,",",",",273,Pnc,Pnc,,PUNCT,",",9
1845,274,1,N',n',274,Neg,Neg$$,C/\,ADV,ne,8
1846,274,2,i,i,274,Prn,Prn$$,/V\,PRON,y,3
1847,274,3,out,out,274,Vfin,Vfin,/V\,VERB,ouïr,3
1848,274,4,maisun,maisun,274,N,N,C/V\.'C/V\,NOUN,maison,6
1849,274,5,faite,faite,274,Vpp,Vpp,'C/V\.C/(e)\,VERB,faire,5
1850,274,6,de,de,274,Pre,Pre,C/(e)\,ADP,de,8
1851,274,7,arbre,arbre,274,N,N,'/V\.C/(e)\,NOUN,arbre,9
1852,274,8,;,;,274,Pnc,Pnc,,PUNCT,;,9
1853,275,1,Gemmes,gemmes,275,N,N,'C/V\.C/e\,PROPN,Gemmes,-10
1854,275,2,od,od,275,Pre,Pre,/V\,ADP,o,5
1855,275,3,l',l',275,Det,Det,C/\,DET,le,8
1856,275,4,or,or,275,N,N,/V\,NOUN,or,8
1857,275,5,funt,funt,275,Vfin,Vfin,C/V\,VERB,être,0
1858,275,6,grant,grant,275,Adj,Adj,C/V\,ADJ,grand,8
1859,275,7,clarté,clarté,275,N,N,C/V\.'C/V\,NOUN,clarté,9
1860,276,1,Dun,dun,276,Qux,Qux,C/V\,ADJ|ADV|DET|PRON,dont,5
1861,276,2,li,li,276,Det,Det,C/V\,DET,le,3
1862,276,3,pareit,pareit,276,N,N,C/V\.'C/V\,NOUN,paroi,5
1863,276,4,sunt,sunt,276,Vfin,Vfin,C/V\,VERB,être,3
1864,276,5,entailét,entailét,276,Vpp,Vpp,/V\.C/V\.'C/V\,VERB,entailler,0
1865,276,6,.,.,276,Pnc,Pnc,,PUNCT,.,9
1866,277,1,Mais,mais,277,Crd,Crd,C/V\,CCONJ,mais,8
1867,277,2,une,une,277,QIs,QIs,'/V\.C/(e)\,DET,un,3
1868,277,3,rien,rien,277,N,N,C/V\,PROPN|NOUN,rien,8
1869,277,4,mult,mult,277,QIs,QIs,C/V\,ADV,moult,5
1870,277,5,lur,lur,277,Prn,Prn$$,C/V\,PRON,leur,8
1871,277,6,desplout,desplout,277,Vfin,Vfin,C/V\.'C/V\,VERB,déplaire,6
1872,277,7,",",",",277,Pnc,Pnc,,PUNCT,",",9
1873,278,1,Que,que,278,Sub,Sub,C/(e)\,SCONJ,que,3
1874,278,2,en,en,278,Pre,Pre,/V\,ADP,en,3
1875,278,3,la,la,278,Det,Det,C/V\,DET,le,3
1876,278,4,citét,citét,278,N,N,C/V\.'C/V\,NOUN,cité,9
1877,278,5,hume,hume,278,N,N,'/V\.C/(e)\,NOUN,homme,5
1878,278,6,n',n',278,Neg,Neg$$,C/\,ADV,ne,8
1879,278,7,i,i,278,Prn,Prn$$,/V\,PRON,y,3
1880,278,8,out,out,278,Vfin,Vfin,/V\,VERB,ouïr,3
1881,278,9,.,.,278,Pnc,Pnc,,PUNCT,.,9
1882,279,1,Dunc,dunc,279,Adv,Adv,C/V\,ADV,donc,6
1883,279,2,esgardent,esgardent,279,Vfin,Vfin,/V\.'C/V\.C/e\,VERB,égarder,9
1884,279,3,l',l',279,Det,Det,C/\,DET,le,8
1885,279,4,alçur,alçur,279,Adj,Adj,/V\.'C/V\,ADJ,hautor,6
1886,279,5,palais,palais,279,N,N,C/V\.'C/V\,PROPN|NOUN,palais,3
1887,279,6,",",",",279,Pnc,Pnc,,PUNCT,",",9
1888,280,1,Entrent,entrent,280,Vfin,Vfin,'/V\.C/e\,VERB,entrer,8
1889,280,2,en,en,280,Prn,Prn%%,/V\,PRON,en,3
1890,280,3,enz,enz,280,PrA,PrA,/V\,ADV,ens,8
1891,280,4,al,al,280,Pre+Det,Pre+Det,/V\,ADP.DET,à.le,3
1892,280,5,num,num,280,N,N,C/V\,NOUN,nom,6
1893,280,6,de,de,280,Pre,Pre,C/(e)\,ADP,de,8
1894,280,7,pais,pais,280,N,N,C/V\,NOUN,paix,3
1895,280,8,.,.,280,Pnc,Pnc,,PUNCT,.,9
1896,281,1,Enz,enz,281,PrA,PrA,/V\,ADV,ens,8
1897,281,2,en,en,281,Pre,Pre,/V\,ADP,en,3
1898,281,3,le,le,281,Det,Det,C/(e)\,DET,le,8
1899,281,4,palais,palais,281,N,N,C/V\.'C/V\,NOUN,palais,3
1900,281,5,Brandan,brandan,281,N,N,C/V\.'C/V\,PROPN,Brandan,-10
1901,281,6,se,se,281,Prn,Prn$$,C/(e)\,PRON,se,3
1902,281,7,mist,mist,281,Vfin,Vfin,C/V\,VERB,mettre,3
1903,282,1,E,e,282,Crd,Crd,/V\,CCONJ,et,5
1904,282,2,sur,sur,282,PrA,PrA,C/V\,ADP,sur,8
1905,282,3,un,un,282,QIs,QIs,/V\,DET,un,3
1906,282,4,banc,banc,282,N,N,C/V\,NOUN,banc,3
1907,282,5,puis,puis,282,PrA,PrA,C/V\,ADV,puis,8
1908,282,6,s',s',282,Prn,Prn$$,C/\,PRON,se,3
1909,282,7,asist,asist,282,Vfin,Vfin,/V\.'C/V\,VERB,asseoir,9
1910,282,8,.,.,282,Pnc,Pnc,,PUNCT,.,9
1911,283,1,Fors,fors,283,PrA,PrA,C/V\,ADV,fors,3
1912,283,2,sul,sul,283,Adv,Adv,C/V\,ADV,seul,5
1913,283,3,les,les,283,Det,Det,C/V\,DET,le,8
1914,283,4,soens,soens,283,Adj,Adj,C/V\,ADJ,sien,5
1915,283,5,altres,altres,283,Adj,Adj,'/V\.C/e\,ADJ,autre,5
1916,283,6,n',n',283,Neg,Neg$$,C/\,ADV,ne,8
1917,283,7,i,i,283,Prn,Prn$$,/V\,PRON,y,3
1918,283,8,vit,vit,283,Vfin,Vfin,C/V\,VERB,voir,3
1919,283,9,;,;,283,Pnc,Pnc,,PUNCT,;,9
1920,284,1,Prent,prent,284,Vfin,Vfin,C/V\,VERB,prendre,3
1921,284,2,a,a,284,Pre,Pre,/V\,ADP,à,3
1922,284,3,parler,parler,284,Vinf,Vinf,C/V\.'C/V\,VERB,parler,9
1923,284,4,",",",",284,Pnc,Pnc,,PUNCT,",",9
1924,284,5,si,si,284,Adv,Adv,C/V\,ADV,si,8
1925,284,6,lur,lur,284,Prn,Prn$$,C/V\,PRON,leur,5
1926,284,7,ad,ad,284,Vfin,Vfin,/V\,VERB,avoir,5
1927,284,8,dist,dist,284,Vpp,Vpp,C/V\,VERB,dire,9
1928,284,9,:,:,284,Pnc,Pnc,,PUNCT,:,9
1929,285,1,"""","""",285,Pnc,Pnc,,PUNCT,"""",6
1930,285,2,Alez,alez,285,Vfin,Vfin,/V\.'C/V\,VERB,aller,8
1931,285,3,querre,querre,285,Vinf,Vinf,'C/V\.C/(e)\,VERB,quérir,3
1932,285,4,par,par,285,Pre,Pre,C/V\,ADP,par,8
1933,285,5,cez,cez,285,Dem,Dem,C/V\,DET,cist,3
1934,285,6,mesters,mesters,285,N,N,C/V\.'C/V\,NOUN,métier,6
1935,286,1,Si,si,286,Sub,Sub,C/V\,SCONJ,si,8
1936,286,2,rien,rien,286,N,N,C/V\,PROPN|NOUN,rien,8
1937,286,3,i,i,286,Prn,Prn$$,/V\,PRON,y,3
1938,286,4,at,at,286,Vfin,Vfin,/V\,VERB,avoir,9
1939,286,5,dun,dun,286,Qux,Qux,C/V\,ADJ|ADV|DET|PRON,dont,5
1940,286,6,est,est,286,Vfin,Vfin,/V\,VERB,être,3
1941,286,7,mesters,mesters,286,N,N,C/V\.'C/V\,NOUN,métier,6
1942,286,8,.,.,286,Pnc,Pnc,,PUNCT,.,9
1943,286,9,"""","""",286,Pnc,Pnc,,PUNCT,"""",6
1944,287,1,Alerent,alerent,287,Vfin,Vfin,/V\.'C/V\.C/e\,VERB,aller,9
1945,287,2,cil,cil,287,Dem,Dem,C/V\,PRON,cil,8
1946,287,3,e,e,287,Crd,Crd,/V\,CCONJ,et,5
1947,287,4,truverent,truverent,287,Vfin,Vfin,C/V\.'C/V\.C/e\,VERB,trouver,6
1948,288,1,Ço,ço,288,Prn,Prn,C/V\,PRON,ce,5
1949,288,2,que,que,288,Qux,Qux,C/(e)\,ADJ|ADV|DET|PRON,que,8
1950,288,3,plus,plus,288,Adv,Adv,C/V\,ADV,plus,8
1951,288,4,dunc,dunc,288,Adv,Adv,C/V\,ADV,donc,6
1952,288,5,desirerent,desirerent,288,Vfin,Vfin,C/V\.C/V\.'C/V\.C/e\,VERB,désirer,9
1953,288,6,:,:,288,Pnc,Pnc,,PUNCT,:,9
1954,289,1,Ço,ço,289,Prn,Prn,C/V\,PRON,ce,5
1955,289,2,fud,fud,289,Vfin,Vfin,C/V\,VERB,être,6
1956,289,3,sucurs,sucurs,289,N,N,C/V\.'C/V\,NOUN,secours,6
1957,289,4,de,de,289,Pre,Pre,C/(e)\,ADP,de,8
1958,289,5,vïande,viande,289,N,N,C/V\.'C/V\.C/(e)\,NOUN,viande,9
1959,290,1,E,e,290,Crd,Crd,/V\,CCONJ,et,5
1960,290,2,de,de,290,Pre,Pre,C/(e)\,ADP,de,8
1961,290,3,beivre,beivre,290,Vinf,Vinf,'C/V\.C/(e)\,VERB,boire,6
1962,290,4,plentét,plentét,290,N,N,C/V\.'C/V\,PROPN|NOUN,plentét,-10
1963,290,5,grande,grande,290,Adj,Adj,'C/V\.C/(e)\,ADJ,grand,9
1964,290,6,;,;,290,Pnc,Pnc,,PUNCT,;,9
1965,291,1,De,de,291,Pre,Pre,C/(e)\,ADP,de,8
1966,291,2,or,or,291,N,N,/V\,NOUN,or,8
1967,291,3,e,e,291,Crd,Crd,/V\,CCONJ,et,5
1968,291,4,de,de,291,Pre,Pre,C/(e)\,ADP,de,8
1969,291,5,argent,argent,291,N,N,/V\.'C/V\,NOUN,argent,8
1970,291,6,la,la,291,Det,Det,C/V\,DET,le,3
1971,291,7,vaisele,vaisele,291,N,N,C/V\.'C/V\.C/(e)\,NOUN,vaisselle,0
1972,292,1,Que,que,292,Qux,Qux,C/(e)\,PRON,que,8
1973,292,2,forment,forment,292,Adv,Adv,C/V\.'C/V\,ADV,fortement,8
1974,292,3,fud,fud,292,Vfin,Vfin,C/V\,VERB,être,6
1975,292,4,e,e,292,Crd,Crd,/V\,CCONJ,et,5
1976,292,5,bone,bone,292,Adj,Adj,'C/V\.C/(e)\,ADJ,bon,8
1977,292,6,e,e,292,Crd,Crd,/V\,CCONJ,et,5
1978,292,7,bele,bele,292,Adj,Adj,'C/V\.C/(e)\,ADJ,beau,9
1979,292,8,.,.,292,Pnc,Pnc,,PUNCT,.,9
1980,293,1,Quanque,quanque,293,Qux,Qux,'C/V\.C/(e)\,PRON,quanque,8
1981,293,2,voldrent,voldrent,293,Vfin,Vfin,'C/V\.C/e\,VERB,vouloir,9
1982,293,3,tut,tut,293,QIs,QIs,C/V\,PRON,tut,-10
1983,293,4,a,a,293,Pre,Pre,/V\,ADP,à,3
1984,293,5,plentét,plentét,293,N,N,C/V\.'C/V\,NOUN,plenté,0
1985,294,1,Trovent,trovent,294,Vfin,Vfin,'C/V\.C/e\,VERB,trouver,6
1986,294,2,iloec,iloec,294,Adv,Adv,/V\.'C/V\,ADV,illuec,8
1987,294,3,u,u,294,Qux,Qux,/V\,ADJ|ADV|DET|PRON,u,0
1988,294,4,sunt,sunt,294,Vfin,Vfin,C/V\,VERB,être,3
1989,294,5,entrét,entrét,294,Vpp,Vpp,/V\.'C/V\,VERB,entrer,0
1990,294,6,.,.,294,Pnc,Pnc,,PUNCT,.,9
1991,295,1,Le,le,295,Det,Det,C/(e)\,DET,le,8
1992,295,2,abes,abes,295,N,N,'/V\.C/e\,NOUN,abbé,6
1993,295,3,lur,lur,295,Prn,Prn$$,C/V\,PRON,leur,5
1994,295,4,dist,dist,295,Vfin,Vfin,C/V\,VERB,dire,9
1995,295,5,:,:,295,Pnc,Pnc,,PUNCT,:,9
1996,295,6,"""","""",295,Pnc,Pnc,,PUNCT,"""",6
1997,295,7,Portez,portez,295,Vfin,Vfin,C/V\.'C/V\,VERB,porter,8
1998,295,8,nus,nus,295,Prn,Prn%%,C/V\,PRON,nus,-10
1999,295,9,ent,ent,295,Prn,Prn,/V\,PRON,ent,3
2000,295,10,!,!,295,Pnc,Pnc,,PUNCT,!,9
2001,296,1,N',n',296,Neg,Neg$$,C/\,ADV,ne,8
2002,296,2,en,en,296,Prn,Prn$$,/V\,PRON,en,3
2003,296,3,prengez,prengez,296,Vfin,Vfin,C/V\.'C/V\,VERB,prendre,6
2004,296,4,trop,trop,296,Adv,Adv,C/V\,ADV,trop,8
2005,296,5,",",",",296,Pnc,Pnc,,PUNCT,",",9
2006,296,6,ço,ço,296,Prn,Prn,C/V\,PRON,ce,5
2007,296,7,vus,vus,296,Prn,Prn$$,C/V\,PRON,vous,5
2008,296,8,defent,defent,296,Vfin,Vfin,C/V\.'C/V\,VERB,défendre,9
2009,296,9,.,.,296,Pnc,Pnc,,PUNCT,.,9
2010,297,1,E,e,297,Crd,Crd,/V\,CCONJ,et,5
2011,297,2,prïez,priez,297,Vfin,Vfin,C/V\.'C/V\,VERB,prier,9
2012,297,3,Deu,deu,297,N,N,C/V\,PROPN|NOUN,de.le,0
2013,297,4,checun,checun,297,QIs,QIs,C/V\.'C/V\,PRON,chacun,6
2014,297,5,pur,pur,297,Pre,Pre,C/V\,ADP,pour,5
2015,297,6,sei,sei,297,Prn,Prn,C/V\,PRON,soi,5
2016,298,1,Que,que,298,Sub,Sub,C/(e)\,SCONJ,que,3
2017,298,2,ne,ne,298,Neg,Neg$$,C/(e)\,ADV,ne,8
2018,298,3,mentet,mentet,298,Vfin,Vfin,'C/V\.C/e\,VERB,mentir,9
2019,298,4,vers,vers,298,Pre,Pre,C/V\,ADP,vers,8
2020,298,5,Deu,deu,298,N,N,C/V\,PROPN|NOUN,deu,-10
2021,298,6,sa,sa,298,Det,Det,C/V\,DET,son,8
2022,298,7,fai,fai,298,N,N,C/V\,NOUN,faire,2
2023,298,8,.,.,298,Pnc,Pnc,,PUNCT,.,9
2024,298,9,"""","""",298,Pnc,Pnc,,PUNCT,"""",6
2025,299,1,Pur,pur,299,Pre,Pre,C/V\,ADP,pour,5
2026,299,2,ço,ço,299,Prn,Prn,C/V\,PRON,ce,8
2027,299,3,les,les,299,Prn,Prn$$,C/V\,PRON,le,3
2028,299,4,volt,volt,299,Vfin,Vfin,C/V\,VERB,vouloir,3
2029,299,5,li,li,299,Det,Det,C/V\,DET,le,3
2030,299,6,abes,abes,299,N,N,'/V\.C/e\,NOUN,abbé,6
2031,299,7,guarnir,guarnir,299,Vinf,Vinf,C/V\.'C/V\,VERB,garnir,6
2032,300,1,Quer,quer,300,Crd,Crd,C/V\,CCONJ,car,5
2033,300,2,bien,bien,300,Adv,Adv,C/V\,ADV,bien,8
2034,300,3,purvit,purvit,300,Vfin,Vfin,C/V\.'C/V\,VERB,purvoir,-10
2035,300,4,que,que,300,Qux,Qux,C/(e)\,ADJ|ADV|DET|PRON,que,8
2036,300,5,ert,ert,300,Vfin,Vfin,/V\,VERB,être,6
2037,300,6,a,a,300,Pre,Pre,/V\,ADP,à,3
2038,300,7,venir,venir,300,Vinf,Vinf,C/V\.'C/V\,VERB,venir,9
2039,300,8,.,.,300,Pnc,Pnc,,PUNCT,.,9
2040,301,1,Cil,cil,301,Dem,Dem,C/V\,PRON,cil,8
2041,301,2,aportent,aportent,301,Vfin,Vfin,/V\.'C/V\.C/e\,VERB,apporter,9
2042,301,3,asez,asez,301,Adv,Adv,/V\.'C/V\,ADV,assez,8
2043,301,4,cunrei,cunrei,301,N,N,C/V\.'C/V\,PROPN|NOUN,conroi,8
2044,301,5,",",",",301,Pnc,Pnc,,PUNCT,",",9
2045,302,1,E,e,302,Crd,Crd,/V\,CCONJ,et,5
2046,302,2,n',n',302,Neg,Neg$$,C/\,ADV,ne,8
2047,302,3,en,en,302,Prn,Prn$$,/V\,PRON,en,3
2048,302,4,prestrent,prestrent,302,Vfin,Vfin,'C/V\.C/e\,VERB,prendre,6
2049,302,5,a,a,302,Pre,Pre,/V\,ADP,à,3
2050,302,6,nul,nul,302,QIs,QIs,C/V\,DET,nul,8
2051,302,7,desrei,desrei,302,N,N,C/V\.'C/V\,NOUN,desroi,6
2052,302,8,;,;,302,Pnc,Pnc,,PUNCT,;,9
2053,303,1,Tant,tant,303,QIs,QIs,C/V\,ADV,tant,8
2054,303,2,mangerent,mangerent,303,Vfin,Vfin,C/V\.'C/V\.C/e\,VERB,manger,9
2055,303,3,cum,cum,303,Sub,Sub,C/V\,SCONJ,comme,5
2056,303,4,lur,lur,303,Prn,Prn$$,C/V\,PRON,leur,5
2057,303,5,plout,plout,303,Vfin,Vfin,C/V\,VERB,plaire,9
2058,303,6,",",",",303,Pnc,Pnc,,PUNCT,",",9
2059,304,1,E,e,304,Crd,Crd,/V\,CCONJ,et,5
2060,304,2,cum,cum,304,Sub,Sub,C/V\,SCONJ,comme,5
2061,304,3,idunc,idunc,304,Adv,Adv,/V\.'C/V\,ADV,donc,8
2062,304,4,lur,lur,304,Prn,Prn$$,C/V\,PRON,leur,5
2063,304,5,en,en,304,Prn,Prn$$,/V\,PRON,en,3
2064,304,6,estout,estout,304,Vfin,Vfin,/V\.'C/V\,VERB,étouir,-10
2065,304,7,.,.,304,Pnc,Pnc,,PUNCT,.,9
2066,305,1,De,de,305,Pre,Pre,C/(e)\,ADP,de,8
2067,305,2,Deu,deu,305,N,N,C/V\,PROPN,Dieu,5
2068,305,3,loër,loer,305,Vinf,Vinf,C/V\.'C/V\,VERB,louer,8
2069,305,4,ne,ne,305,Neg,Neg$$,C/(e)\,ADV,ne,8
2070,305,5,se,se,305,Prn,Prn$$,C/(e)\,PRON,se,3
2071,305,6,ublïent,ublient,305,Vfin,Vfin,/V\.'C/V\./e\,VERB,oublier,6
2072,305,7,",",",",305,Pnc,Pnc,,PUNCT,",",9
2073,306,1,Mais,mais,306,Crd,Crd,C/V\,CCONJ,mais,8
2074,306,2,sa,sa,306,Det,Det,C/V\,DET,son,8
2075,306,3,merci,merci,306,N,N,C/V\.'C/V\,NOUN,merci,8
2076,306,4,mult,mult,306,QIs,QIs,C/V\,ADV,moult,5
2077,306,5,la,la,306,Prn,Prn$$,C/V\,PRON,le,3
2078,306,6,crïent,criënt,306,Vfin,Vfin,'C/V\./e\,VERB,crier,6
2079,306,7,.,.,306,Pnc,Pnc,,PUNCT,.,9
2080,307,1,Del,del,307,Pre+Det,Pre+Det,C/V\,ADP.DET,de.le,3
2081,307,2,herberger,herberger,307,Vinf,Vinf,C/V\.C/V\.'C/V\,VERB,héberger,6
2082,307,3,pregnent,pregnent,307,Vfin,Vfin,'C/V\.C/e\,VERB,prendre,5
2083,307,4,oser,oser,307,Vinf,Vinf,/V\.'C/V\,VERB,oser,9
2084,307,5,;,;,307,Pnc,Pnc,,PUNCT,;,9
2085,308,1,Quant,quant,308,Sub,Sub,C/V\,SCONJ,quand,3
2086,308,2,fud,fud,308,Vfin,Vfin,C/V\,VERB,être,6
2087,308,3,l',l',308,Det,Det,C/\,DET,le,8
2088,308,4,ure,ure,308,N,N,'/V\.C/(e)\,PROPN|NOUN,ur,-10
2089,308,5,",",",",308,Pnc,Pnc,,PUNCT,",",9
2090,308,6,vunt,vunt,308,Vfin,Vfin,C/V\,VERB,aller,6
2091,308,7,reposer,reposer,308,Vinf,Vinf,C/V\.C/V\.'C/V\,VERB,reposer,9
2092,308,8,.,.,308,Pnc,Pnc,,PUNCT,.,9
2093,309,1,Cum,cum,309,Sub,Sub,C/V\,SCONJ,comme,5
2094,309,2,endormit,endormit,309,Vpp,Vpp,/V\.C/V\.'C/V\,VERB,endormir,9
2095,309,3,furent,furent,309,Vfin,Vfin,'C/V\.C/e\,VERB,être,9
2096,309,4,trestuit,trestuit,309,QIs,QIs,C/V\.'C/V\,PRON,trétuit,-10
2097,309,5,",",",",309,Pnc,Pnc,,PUNCT,",",9
2098,310,1,Ast,ast,310,NVP,NVP,/V\,ADV,avoir,3
2099,310,2,vos,vos,310,Prn,Prn,C/V\,PRON,votre,3
2100,310,3,Sathan,sathan,310,N,N,C/V\.'C/V\,NOUN,satan,5
2101,310,4,qui,qui,310,Qux,Qux,C/V\,PRON,qui,3
2102,310,5,l',l',310,Det,Det,C/\,DET,le,8
2103,310,6,un,un,310,QIs,QIs,/V\,PRON,un,8
2104,310,7,seduit,seduit,310,Vfin,Vfin,C/V\.'C/V\,VERB,séduire,9
2105,310,8,:,:,310,Pnc,Pnc,,PUNCT,:,9
2106,311,1,Mist,mist,311,Vfin,Vfin,C/V\,VERB,mettre,3
2107,311,2,l',l',311,Prn,Prn$$,C/\,PRON,le,3
2108,311,3,en,en,311,Prn,Prn,/V\,PRON,on,3
2109,311,4,talent,talent,311,N,N,C/V\.'C/V\,PROPN|NOUN,talent,6
2110,311,5,prendre,prendre,311,Vinf,Vinf,'C/V\.C/(e)\,VERB,prendre,9
2111,311,6,an,an,311,Pre,Pre,/V\,ADP,en,5
2112,311,7,emblét,emblét,311,N,N,/V\.'C/V\,NOUN,emblét,-10
2113,312,1,De,de,312,Pre,Pre,C/(e)\,ADP,de,8
2114,312,2,l',l',312,Det,Det,C/\,DET,le,8
2115,312,3,or,or,312,N,N,/V\,NOUN,or,8
2116,312,4,qu',qu',312,Qux,Qux,C/\,PRON,que,3
2117,312,5,il,il,312,Prn,Prn$,/V\,PRON,il,9
2118,312,6,vit,vit,312,Vfin,Vfin,C/V\,VERB,voir,3
2119,312,7,la,la,312,Adv,Adv,C/V\,ADV,là,5
2120,312,8,ensemblét,ensemblét,312,Vpp,Vpp,/V\.C/V\.'C/V\,VERB,ensemblét,-10
2121,312,9,.,.,312,Pnc,Pnc,,PUNCT,.,9
2122,313,1,L',l',313,Det,Det,C/\,DET,le,8
2123,313,2,abes,abes,313,N,N,'/V\.C/e\,NOUN,abbé,6
2124,313,3,veilout,veilout,313,Vfin,Vfin,C/V\.'C/V\,VERB,viloir,-10
2125,313,4,e,e,313,Crd,Crd,/V\,CCONJ,et,5
2126,313,5,bien,bien,313,Adv,Adv,C/V\,ADV,bien,8
2127,313,6,vetheit,vetheit,313,Vfin,Vfin,C/V\.'C/V\,VERB,voir,9
2128,314,1,Cume,cume,314,Sub,Sub,'C/V\.C/(e)\,SCONJ,comme,5
2129,314,2,dïables,diables,314,N,N,C/V\.'C/V\.C/e\,NOUN,diable,8
2130,314,3,celui,celui,314,Dem,Dem,C/V\.'C/V\,PRON,cil,3
2131,314,4,teneit,teneit,314,Vfin,Vfin,C/V\.'C/V\,VERB,tenir,9
2132,314,5,",",",",314,Pnc,Pnc,,PUNCT,",",9
2133,315,1,Cume,cume,315,Sub,Sub,'C/V\.C/(e)\,SCONJ,comme,5
2134,315,2,lui,lui,315,Prn,Prn$$,C/V\,PRON,lui,8
2135,315,3,tendeit,tendeit,315,Vfin,Vfin,C/V\.'C/V\,VERB,tendre,9
2136,315,4,un,un,315,QIs,QIs,/V\,DET,un,3
2137,315,5,hanap,hanap,315,N,N,C/V\.'C/V\,NOUN,hanap,9
2138,315,6,de,de,315,Pre,Pre,C/(e)\,ADP,de,8
2139,315,7,or,or,315,N,N,/V\,NOUN,or,8
2140,315,8,;,;,315,Pnc,Pnc,,PUNCT,;,9
2141,316,1,Plus,plus,316,Adv,Adv,C/V\,ADV,plus,8
2142,316,2,riche,riche,316,Adj,Adj,'C/V\.C/(e)\,ADJ,riche,8
2143,316,3,n',n',316,Neg,Neg$$,C/\,ADV,ne,8
2144,316,4,i,i,316,Prn,Prn$$,/V\,PRON,y,3
2145,316,5,at,at,316,Vfin,Vfin,/V\,VERB,avoir,9
2146,316,6,en,en,316,Pre,Pre,/V\,ADP,en,3
2147,316,7,un,un,316,QIs,QIs,/V\,DET,un,3
2148,316,8,tresor,tresor,316,N,N,C/V\.'C/V\,NOUN,trésor,9
2149,316,9,.,.,316,Pnc,Pnc,,PUNCT,.,9
2150,317,1,Cil,cil,317,Dem,Dem,C/V\,PRON,cil,8
2151,317,2,levet,levet,317,Vfin,Vfin,'C/V\.C/e\,VERB,lever,9
2152,317,3,sus,sus,317,PrA,PrA,C/V\,ADV,sus,8
2153,317,4,",",",",317,Pnc,Pnc,,PUNCT,",",9
2154,317,5,prendre,prendre,317,Vinf,Vinf,'C/V\.C/(e)\,VERB,prendre,9
2155,317,6,l',l',317,Prn,Prn$$,C/\,PRON,le,3
2156,317,7,alat,alat,317,Vfin,Vfin,/V\.'C/V\,VERB,aller,6
2157,317,8,",",",",317,Pnc,Pnc,,PUNCT,",",9
2158,318,1,E,e,318,Crd,Crd,/V\,CCONJ,et,5
2159,318,2,en,en,318,Pre,Pre,/V\,ADP,en,3
2160,318,3,repost,repost,318,Vfin,Vfin,C/V\.'C/V\,VERB,reposer,3
2161,318,4,tost,tost,318,Adv,Adv,C/V\,ADV,tôt,3
2162,318,5,l',l',318,Prn,Prn$$,C/\,PRON,le,3
2163,318,6,enmalat,enmalat,318,Vfin,Vfin,/V\.C/V\.'C/V\,VERB,enmalat,-10
2164,318,7,.,.,318,Pnc,Pnc,,PUNCT,.,9
2165,319,1,E,e,319,Crd,Crd,/V\,CCONJ,et,5
2166,319,2,puis,puis,319,PrA,PrA,C/V\,ADV,puis,8
2167,319,3,que,que,319,Sub,Sub,C/(e)\,SCONJ,que,3
2168,319,4,out,out,319,Vfin,Vfin,/V\,VERB,ouïr,3
2169,319,5,fait,fait,319,Vpp,Vpp,C/V\,VERB,faire,3
2170,319,6,le,le,319,Det,Det,C/(e)\,DET,le,8
2171,319,7,larecin,larecin,319,N,N,C/V\.C/e\.'C/V\,NOUN,larcin,9
2172,319,8,",",",",319,Pnc,Pnc,,PUNCT,",",9
2173,320,1,Revint,revint,320,Vfin,Vfin,C/V\.'C/V\,VERB,revenir,9
2174,320,2,dormir,dormir,320,Vinf,Vinf,C/V\.'C/V\,VERB,dormir,9
2175,320,3,en,en,320,Pre,Pre,/V\,ADP,en,3
2176,320,4,sun,sun,320,Det,Det,C/V\,DET,son,5
2177,320,5,reclin,reclin,320,N,N,C/V\.'C/V\,NOUN,réclin,-10
2178,320,6,.,.,320,Pnc,Pnc,,PUNCT,.,9
2179,321,1,Tut,tut,321,QIs,QIs,C/V\,ADJ|ADV|DET|NUM|PRON,taire,0
2180,321,2,vit,vit,321,Vfin,Vfin,C/V\,VERB,voir,3
2181,321,3,l',l',321,Det,Det,C/\,DET,le,8
2182,321,4,abes,abes,321,N,N,'/V\.C/e\,NOUN,abbé,6
2183,321,5,u,u,321,Qux,Qux,/V\,PRON,où,5
2184,321,6,reposout,reposout,321,Vfin,Vfin,C/V\.C/V\.'C/V\,VERB,reposer,0
2185,322,1,Cum,cum,322,Sub,Sub,C/V\,SCONJ,comme,5
2186,322,2,cil,cil,322,Dem,Dem,C/V\,DET,cil,8
2187,322,3,freres,freres,322,N,N,'C/V\.C/e\,NOUN,frère,9
2188,322,4,par,par,322,Pre,Pre,C/V\,ADP,par,8
2189,322,5,nuit,nuit,322,N,N,C/V\,NOUN,nuit,8
2190,322,6,errout,errout,322,Vfin,Vfin,/V\.'C/V\,VERB,errer,6
2191,322,7,.,.,322,Pnc,Pnc,,PUNCT,.,9
2192,323,1,Pur,pur,323,Pre,Pre,C/V\,ADP,pour,5
2193,323,2,tenebres,tenebres,323,N,N,C/V\.'C/V\.C/e\,NOUN,ténèbres,9
2194,323,3,ne,ne,323,Neg,Neg$$,C/(e)\,ADV,ne,8
2195,323,4,remaneit,remaneit,323,Vfin,Vfin,C/V\.C/V\.'C/V\,VERB,remaner,-10
2196,323,5,:,:,323,Pnc,Pnc,,PUNCT,:,9
2197,324,1,Sanz,sanz,324,Pre,Pre,C/V\,ADP,sans,8
2198,324,2,candeile,candeile,324,N,N,C/V\.'C/V\.C/(e)\,NOUN,chandelle,6
2199,324,3,tut,tut,324,QIs,QIs,C/V\,ADJ|ADV|DET|NUM|PRON,taire,0
2200,324,4,le,le,324,Prn,Prn$$,C/(e)\,PRON,le,8
2201,324,5,vetheit,vetheit,324,Vfin,Vfin,C/V\.'C/V\,VERB,voir,6
2202,324,6,",",",",324,Pnc,Pnc,,PUNCT,",",9
2203,325,1,Quar,quar,325,Crd,Crd,C/V\,CCONJ,car,8
2204,325,2,quant,quant,325,Sub,Sub,C/V\,SCONJ,quand,3
2205,325,3,ço,ço,325,Prn,Prn,C/V\,PRON,ce,5
2206,325,4,Deus,deus,325,N,N,C/V\,PROPN|NOUN,deux,0
2207,325,5,li,li,325,Prn,Prn$$,C/V\,PRON,lui,3
2208,325,6,volt,volt,325,Vfin,Vfin,C/V\,VERB,vouloir,3
2209,325,7,mustrer,mustrer,325,Vinf,Vinf,C/V\.'C/V\,VERB,montrer,6
2210,325,8,",",",",325,Pnc,Pnc,,PUNCT,",",9
2211,326,1,Sur,sur,326,PrA,PrA,C/V\,ADP,sur,8
2212,326,2,ço,ço,326,Prn,Prn,C/V\,PRON,ce,8
2213,326,3,n',n',326,Neg,Neg$$,C/\,ADV,ne,8
2214,326,4,estout,estout,326,Vfin,Vfin,/V\.'C/V\,VERB,étouir,-10
2215,326,5,cirge,cirge,326,N,N,'C/V\.C/(e)\,NOUN,cierge,6
2216,326,6,alumer,alumer,326,Vinf,Vinf,/V\.C/V\.'C/V\,VERB,allumer,6
2217,326,7,.,.,326,Pnc,Pnc,,PUNCT,.,9
2218,327,1,Treis,treis,327,QIs,QIs,C/V\,ADJ|ADV|DET|NUM|PRON,trois,5
2219,327,2,jurs,jurs,327,N,N,C/V\,PROPN|NOUN,jour,6
2220,327,3,enters,enters,327,Adj,Adj,/V\.'C/V\,ADJ,enter,0
2221,327,4,i,i,327,Prn,Prn$$,/V\,PRON,y,3
2222,327,5,sujurnerent,sujurnerent,327,Vfin,Vfin,C/V\.C/V\.'C/V\.C/e\,VERB,surner,-10
2223,328,1,E,e,328,Crd,Crd,/V\,CCONJ,et,5
2224,328,2,puis,puis,328,PrA,PrA,C/V\,ADV,puis,8
2225,328,3,al,al,328,Pre+Det,Pre+Det,/V\,ADP.DET,à.le,3
2226,328,4,quart,quart,328,Adj,Adj,C/V\,ADJ,quart,8
2227,328,5,s',s',328,Prn,Prn$$,C/\,PRON,se,3
2228,328,6,en,en,328,Prn,Prn$$,/V\,PRON,en,3
2229,328,7,turnerent,turnerent,328,Vfin,Vfin,C/V\.'C/V\.C/e\,VERB,tourner,6
2230,328,8,.,.,328,Pnc,Pnc,,PUNCT,.,9
2231,329,1,Brandans,brandans,329,N,N,C/V\.'C/V\,PROPN,Brandant,-10
2232,329,2,lur,lur,329,Prn,Prn$$,C/V\,PRON,leur,5
2233,329,3,dist,dist,329,Vfin,Vfin,C/V\,VERB,dire,9
2234,329,4,:,:,329,Pnc,Pnc,,PUNCT,:,9
2235,329,5,"""","""",329,Pnc,Pnc,,PUNCT,"""",6
2236,329,6,Seignurs,seignurs,329,N,N,C/V\.'C/V\,NOUN,seigneur,9
2237,329,7,",",",",329,Pnc,Pnc,,PUNCT,",",9
2238,329,8,vus,vus,329,Prn,Prn$$,C/V\,PRON,vous,5
2239,329,9,pri,pri,329,Vfin,Vfin,C/V\,VERB,prixre,-10
2240,329,10,",",",",329,Pnc,Pnc,,PUNCT,",",9
2241,330,1,Ne,ne,330,Neg,Neg$$,C/(e)\,ADV,ne,8
2242,330,2,portez,portez,330,Vfin,Vfin,C/V\.'C/V\,VERB,porter,8
2243,330,3,rien,rien,330,N,N,C/V\,PROPN|NOUN,rien,8
2244,330,4,od,od,330,Pre,Pre,/V\,ADP,o,5
2245,330,5,vus,vus,330,Prn,Prn,C/V\,PRON,vous,5
2246,330,6,d',d',330,Pre,Pre,C/\,ADP,de,9
2247,330,7,ici,ici,330,Adv,Adv,/V\.'C/V\,ADV,ici,9
2248,330,8,",",",",330,Pnc,Pnc,,PUNCT,",",9
2249,331,1,Neïs,neïs,331,Adv,Adv,C/(V)\.'/V\,ADV,neïs,6
2250,331,2,un,un,331,QIs,QIs,/V\,DET,un,3
2251,331,3,punt,punt,331,N,N,C/V\,NOUN,pont,5
2252,331,4,de,de,331,Pre,Pre,C/(e)\,ADP,de,8
2253,331,5,cest,cest,331,Dem,Dem,C/V\,DET,cist,3
2254,331,6,cunrei,cunrei,331,N,N,C/V\.'C/V\,NOUN,conroi,5
2255,331,7,",",",",331,Pnc,Pnc,,PUNCT,",",9
2256,332,1,N',n',332,Crd,Crd,C/\,CCONJ,ne,8
2257,332,2,enteins,enteins,332,Vfin,Vfin,/V\.'C/V\,VERB,entendre,0
2258,332,3,l',l',332,Det,Det,C/\,DET,le,8
2259,332,4,aigue,aigue,332,N,N,'/V\.C/(e)\,NOUN,ague,-10
2260,332,5,pur,pur,332,Pre,Pre,C/V\,ADP,pour,5
2261,332,6,nule,nule,332,QIs,QIs,'C/V\.C/(e)\,DET,nul,8
2262,332,7,sei,sei,332,N,N,C/V\,NOUN,soif,5
2263,332,8,.,.,332,Pnc,Pnc,,PUNCT,.,9
2264,332,9,"""","""",332,Pnc,Pnc,,PUNCT,"""",6
2265,333,1,Forment,forment,333,Adv,Adv,C/V\.'C/V\,ADV,fortement,5
2266,333,2,plurant,plurant,333,Vprs,Vprs,C/V\.'C/V\,VERB,pleurer,6
2267,333,3,dist,dist,333,Vfin,Vfin,C/V\,VERB,dire,9
2268,333,4,as,as,333,Pre+Det,Pre+Det,/V\,ADP.DET,à.le,3
2269,333,5,freres,freres,333,N,N,'C/V\.C/e\,NOUN,frère,9
2270,333,6,:,:,333,Pnc,Pnc,,PUNCT,:,9
2271,334,1,"""","""",334,Pnc,Pnc,,PUNCT,"""",6
2272,334,2,Vedez,vedez,334,Vfin,Vfin,C/V\.'C/V\,VERB,voir,6
2273,334,3,",",",",334,Pnc,Pnc,,PUNCT,",",9
2274,334,4,seignurs,seignurs,334,N,N,C/V\.'C/V\,NOUN,seigneur,9
2275,334,5,",",",",334,Pnc,Pnc,,PUNCT,",",9
2276,334,6,cist,cist,334,Dem,Dem,C/V\,DET|PRON,cist,5
2277,334,7,est,est,334,Vfin,Vfin,/V\,VERB,être,3
2278,334,8,leres,leres,334,N,N,'C/V\.C/e\,NOUN,lère,-10
2279,334,9,.,.,334,Pnc,Pnc,,PUNCT,.,9
2280,334,10,"""","""",334,Pnc,Pnc,,PUNCT,"""",6
2281,335,1,Cil,cil,335,Dem,Dem,C/V\,PRON,cil,8
2282,335,2,aparceut,aparceut,335,Vfin,Vfin,/V\.C/V\.'C/V\,VERB,apercevoir,9
2283,335,3,que,que,335,Sub,Sub,C/(e)\,SCONJ,que,3
2284,335,4,l',l',335,Det,Det,C/\,DET,le,8
2285,335,5,abes,abes,335,N,N,'/V\.C/e\,NOUN,abbé,6
2286,335,6,sout,sout,335,Vfin,Vfin,C/V\,VERB,être,0
2287,336,1,Del,del,336,Pre+Det,Pre+Det,C/V\,ADP.DET,de.le,3
2288,336,2,larecin,larecin,336,N,N,C/V\.C/e\.'C/V\,NOUN,larcin,9
2289,336,3,",",",",336,Pnc,Pnc,,PUNCT,",",9
2290,336,4,cument,cument,336,Qux,Qux,C/V\.'C/V\,ADV,comment,6
2291,336,5,il,il,336,Prn,Prn$,/V\,PRON,il,9
2292,336,6,l',l',336,Prn,Prn$$,C/\,PRON,le,3
2293,336,7,out,out,336,Vfin,Vfin,/V\,VERB,ouïr,3
2294,337,1,Cunuit,cunuit,337,Vpp,Vpp,C/V\.'C/V\,VERB,connaître,6
2295,337,2,;,;,337,Pnc,Pnc,,PUNCT,;,9
2296,337,3,a,a,337,Pre,Pre,/V\,ADP,à,3
2297,337,4,tuz,tuz,337,QIs,QIs,C/V\,DET,tut,-10
2298,337,5,confés,confés,337,Adj,Adj,C/V\.'C/V\,ADJ,confès,5
2299,337,6,se,se,337,Prn,Prn$$,C/(e)\,PRON,se,3
2300,337,7,rent,rent,337,Vfin,Vfin,C/V\,VERB,rendre,8
2301,337,8,",",",",337,Pnc,Pnc,,PUNCT,",",9
2302,338,1,A,a,338,Pre,Pre,/V\,ADP,à,3
2303,338,2,pez,pez,338,N,N,C/V\,PROPN|NOUN,pes,-10
2304,338,3,le,le,338,Det,Det,C/(e)\,DET,le,8
2305,338,4,abét,abét,338,N,N,/V\.'C/V\,NOUN,abbét,-10
2306,338,5,mercit,mercit,338,N,N,C/V\.'C/V\,PROPN|NOUN,merci,6
2307,338,6,atent,atent,338,Vfin,Vfin,/V\.'C/V\,VERB,attendre,6
2308,338,7,.,.,338,Pnc,Pnc,,PUNCT,.,9
2309,339,1,Dist,dist,339,Vfin,Vfin,C/V\,VERB,dire,9
2310,339,2,lur,lur,339,Det,Det,C/V\,DET,leur,8
2311,339,3,abes,abes,339,N,N,'/V\.C/e\,NOUN,abbé,6
2312,339,4,:,:,339,Pnc,Pnc,,PUNCT,:,9
2313,339,5,"""","""",339,Pnc,Pnc,,PUNCT,"""",6
2314,339,6,Prïez,priez,339,Vfin,Vfin,C/V\.'C/V\,VERB,prier,9
2315,339,7,pur,pur,339,Pre,Pre,C/V\,ADP,pour,5
2316,339,8,lui,lui,339,Prn,Prn,C/V\,PRON,lui,8
2317,339,9,;,;,339,Pnc,Pnc,,PUNCT,;,9
2318,340,1,Vus,vus,340,Prn,Prn$,C/V\,PRON,vous,5
2319,340,2,le,le,340,Prn,Prn$$,C/(e)\,PRON,le,8
2320,340,3,verrez,verrez,340,Vfin,Vfin,C/V\.'C/V\,VERB,voir,3
2321,340,4,murrir,murrir,340,Vinf,Vinf,C/V\.'C/V\,VERB,mourir,6
2322,340,5,encui,encui,340,Adv,Adv,/V\.'C/V\,ADV,enqui,6
2323,340,6,.,.,340,Pnc,Pnc,,PUNCT,.,9
2324,340,7,"""","""",340,Pnc,Pnc,,PUNCT,"""",6
2325,341,1,Devant,devant,341,PrA,PrA,C/V\.'C/V\,ADP,devant,8
2326,341,2,trestuz,trestuz,341,QIs,QIs,C/V\.'C/V\,DET,trèstout,11
2327,341,3,tuz,tuz,341,QIs,QIs,C/V\,PRON,tus,-10
2328,341,4,veables,veables,341,Adj,Adj,C/(V)\.'/V\.C/e\,ADJ,voyable,9
2329,342,1,Eisit,eisit,342,Vfin,Vfin,/V\.'C/V\,VERB,issir,6
2330,342,2,criant,criant,342,Vprs,Vprs,C/V\.'C/V\,VERB,crier,9
2331,342,3,li,li,342,Det,Det,C/V\,DET,le,3
2332,342,4,dïables,diables,342,N,N,C/V\.'C/V\.C/e\,NOUN,diable,8
2333,342,5,:,:,342,Pnc,Pnc,,PUNCT,:,9
2334,343,1,"""","""",343,Pnc,Pnc,,PUNCT,"""",6
2335,343,2,Cheles,cheles,343,Exc,Exc,'C/V\.C/e\,INTJ,chelle,-10
2336,343,3,",",",",343,Pnc,Pnc,,PUNCT,",",9
2337,343,4,Brandan,brandan,343,N,N,C/V\.'C/V\,PROPN,Brandan,-10
2338,343,5,",",",",343,Pnc,Pnc,,PUNCT,",",9
2339,343,6,par,par,343,Pre,Pre,C/V\,ADP,par,8
2340,343,7,quel,quel,343,Qux,Qux,C/V\,DET,quel,8
2341,343,8,raisun,raisun,343,N,N,C/V\.'C/V\,NOUN,raison,6
2342,344,1,Gettes,gettes,344,Vfin,Vfin,'C/V\.C/e\,VERB,jeter,5
2343,344,2,mei,mei,344,Prn,Prn%%,C/V\,PRON,moi,5
2344,344,3,fors,fors,344,PrA,PrA,C/V\,ADV,fors,3
2345,344,4,de,de,344,Pre,Pre,C/(e)\,ADP,de,8
2346,344,5,ma,ma,344,Det,Det,C/V\,DET,mon,8
2347,344,6,maisun,maisun,344,N,N,C/V\.'C/V\,NOUN,maison,6
2348,344,7,?,?,344,Pnc,Pnc,,PUNCT,?,9
2349,344,8,"""","""",344,Pnc,Pnc,,PUNCT,"""",6
2350,345,1,Dist,dist,345,Vfin,Vfin,C/V\,VERB,dire,9
2351,345,2,al,al,345,Pre+Det,Pre+Det,/V\,ADP.DET,à.le,3
2352,345,3,frere,frere,345,N,N,'C/V\.C/(e)\,NOUN,frère,9
2353,345,4,ço,ço,345,Prn,Prn,C/V\,PRON,ce,5
2354,345,5,que,que,345,Qux,Qux,C/(e)\,PRON,que,8
2355,345,6,il,il,345,Prn,Prn$,/V\,PRON,il,9
2356,345,7,volt,volt,345,Vfin,Vfin,C/V\,VERB,vouloir,3
2357,345,8,",",",",345,Pnc,Pnc,,PUNCT,",",9
2358,346,1,Mercit,mercit,346,N,N,C/V\.'C/V\,PROPN|NOUN,merci,6
2359,346,2,li,li,346,Prn,Prn$$,C/V\,PRON,lui,3
2360,346,3,fait,fait,346,Vfin,Vfin,C/V\,VERB,faire,3
2361,346,4,e,e,346,Crd,Crd,/V\,CCONJ,et,5
2362,346,5,puis,puis,346,PrA,PrA,C/V\,ADV,puis,8
2363,346,6,l',l',346,Prn,Prn$$,C/\,PRON,le,3
2364,346,7,asolt,asolt,346,Vfin,Vfin,/V\.'C/V\,VERB,absoudre,6
2365,346,8,.,.,346,Pnc,Pnc,,PUNCT,.,9
2366,347,1,Desque,desque,347,Sub,Sub,'C/V\.C/(e)\,SCONJ,desque,5
2367,347,2,receut,receut,347,Vfin,Vfin,C/V\.'C/V\,VERB,recevoir,9
2368,347,3,cumungement,cumungement,347,N,N,C/V\.C/V\.C/e\.'C/V\,PROPN|NOUN,communiement,6
2369,347,4,",",",",347,Pnc,Pnc,,PUNCT,",",9
2370,348,1,Veanz,veanz,348,Vprs,Vprs,C/(V)\.'/V\,VERB,véans,-10
2371,348,2,trestuz,trestuz,348,QIs,QIs,C/V\.'C/V\,DET,trèstout,11
2372,348,3,mort,mort,348,Vpp,Vpp,C/V\,VERB,mourir,3
2373,348,4,le,le,348,Prn,Prn$$,C/(e)\,PRON,le,8
2374,348,5,prent,prent,348,Vfin,Vfin,C/V\,VERB,prendre,3
2375,348,6,.,.,348,Pnc,Pnc,,PUNCT,.,9
2376,349,1,L',l',349,Det,Det,C/\,DET,le,8
2377,349,2,espirit,espirit,349,N,N,/V\.'C/V\,NOUN,esprit,9
2378,349,3,en,en,349,Prn,Prn$$,/V\,PRON,en,3
2379,349,4,vait,vait,349,Vfin,Vfin,C/V\,VERB,vait,-10
2380,349,5,en,en,349,Pre,Pre,/V\,ADP,en,3
2381,349,6,paraïs,parais,349,N,N,C/V\.C/V\.'C/V\,NOUN,paradis,6
2382,350,1,En,en,350,Pre,Pre,/V\,ADP,en,3
2383,350,2,grant,grant,350,Adj,Adj,C/V\,ADJ,grand,8
2384,350,3,repos,repos,350,N,N,C/V\.'C/V\,NOUN,repos,8
2385,350,4,u,u,350,Qux,Qux,/V\,ADJ|ADV|DET|PRON,en.le,0
2386,350,5,Deus,deus,350,N,N,C/V\,PROPN|NOUN,deus,0
2387,350,6,l',l',350,Prn,Prn$$,C/\,PRON,le,3
2388,350,7,at,at,350,Vfin,Vfin,/V\,VERB,avoir,9
2389,350,8,mis,mis,350,Vpp,Vpp,C/V\,VERB,mettre,3
2390,350,9,.,.,350,Pnc,Pnc,,PUNCT,.,9
2391,351,1,Al,al,351,Pre+Det,Pre+Det,/V\,ADP.DET,à.le,3
2392,351,2,cors,cors,351,N,N,C/V\,NOUN,cord,-10
2393,351,3,firent,firent,351,Vfin,Vfin,'C/V\.C/e\,VERB,faire,3
2394,351,4,sepulture,sepulture,351,N,N,C/V\.C/V\.'C/V\.C/(e)\,NOUN,sépulture,9
2395,351,5,",",",",351,Pnc,Pnc,,PUNCT,",",9
2396,352,1,Prïent,prient,352,Vfin,Vfin,'C/V\./e\,VERB,prier,6
2397,352,2,Deu,deu,352,N,N,C/V\,PROPN,Dieu,5
2398,352,3,qu',qu',352,Sub,Sub,C/\,SCONJ,que,8
2399,352,4,en,en,352,Prn,Prn$$,/V\,PRON,en,3
2400,352,5,prenget,prenget,352,Vfin,Vfin,'C/V\.C/(e)\,VERB,prendre,6
2401,352,6,cure,cure,352,N,N,'C/V\.C/(e)\,NOUN,cure,3
2402,352,7,.,.,352,Pnc,Pnc,,PUNCT,.,9
2403,353,1,Cist,cist,353,Dem,Dem,C/V\,DET|PRON,cist,5
2404,353,2,fud,fud,353,Vfin,Vfin,C/V\,VERB,être,6
2405,353,3,un,un,353,QIs,QIs,/V\,PRON,un,8
2406,353,4,des,des,353,Pre+Det,Pre+Det,C/V\,ADP.DET,de.le,3
2407,353,5,tres,tres,353,QIs,QIs,C/V\,ADV,très,8
2408,353,6,freres,freres,353,N,N,'C/V\.C/e\,NOUN,frère,9
2409,354,1,Qu',qu',354,Qux,Qux,C/\,ADJ|ADV|DET|PRON,que,3
2410,354,2,en,en,354,Pre,Pre,/V\,ADP,en,3
2411,354,3,la,la,354,Det,Det,C/V\,DET,le,3
2412,354,4,nef,nef,354,N,N,C/V\,NOUN,nef,9
2413,354,5,receut,receut,354,Vfin,Vfin,C/V\.'C/V\,VERB,recevoir,9
2414,354,6,li,li,354,Det,Det,C/V\,DET,le,3
2415,354,7,peres,peres,354,N,N,'C/V\.C/e\,NOUN,père,8
2416,354,8,.,.,354,Pnc,Pnc,,PUNCT,.,9
2417,355,1,Vindrent,vindrent,355,Vfin,Vfin,'C/V\.C/e\,VERB,venir,9
2418,355,2,al,al,355,Pre+Det,Pre+Det,/V\,ADP.DET,à.le,3
2419,355,3,port,port,355,N,N,C/V\,NOUN,port,8
2420,355,4,el,el,355,Pre+Det,Pre+Det,/V\,ADP.DET,el,0
2421,355,5,rivage,rivage,355,N,N,C/V\.'C/V\.C/(e)\,NOUN,rivage,8
2422,355,6,.,.,355,Pnc,Pnc,,PUNCT,.,9
2423,356,1,Ast,ast,356,NVP,NVP,/V\,ADV,avoir,3
2424,356,2,vus,vus,356,Prn,Prn,C/V\,PRON,vous,5
2425,356,3,mult,mult,356,QIs,QIs,C/V\,ADV,moult,5
2426,356,4,tost,tost,356,Adv,Adv,C/V\,ADV,tôt,3
2427,356,5,un,un,356,QIs,QIs,/V\,DET,un,3
2428,356,6,message,message,356,N,N,C/V\.'C/V\.C/(e)\,NOUN,message,9
2429,356,7,:,:,356,Pnc,Pnc,,PUNCT,:,9
2430,357,1,Pain,pain,357,N,N,C/V\,NOUN,pain,8
2431,357,2,lur,lur,357,Prn,Prn$$,C/V\,PRON,leur,5
2432,357,3,portet,portet,357,Vfin,Vfin,'C/V\.C/(e)\,VERB,porter,9
2433,357,4,e,e,357,Crd,Crd,/V\,CCONJ,et,5
2434,357,5,le,le,357,Det,Det,C/(e)\,DET,le,8
2435,357,6,beivre,beivre,357,Vinf,Vinf,'C/V\.C/(e)\,VERB,boire,6
2436,358,1,E,e,358,Crd,Crd,/V\,CCONJ,et,5
2437,358,2,sis,sis,358,Adv+Prn,Adv+Prn$$,C/V\,ADV.PRON,si.le,5
2438,358,3,rovet,rovet,358,Vfin,Vfin,'C/V\.C/e\,VERB,rover,6
2439,358,4,cel,cel,358,Dem,Dem,C/V\,DET,cil,3
2440,358,5,receivre,receivre,358,Vinf,Vinf,C/V\.'C/V\.C/(e)\,VERB,recevoir,6
2441,358,6,.,.,358,Pnc,Pnc,,PUNCT,.,9
2442,359,1,Puis,puis,359,PrA,PrA,C/V\,ADV,puis,8
2443,359,2,lur,lur,359,Prn,Prn$$,C/V\,PRON,leur,5
2444,359,3,at,at,359,Vfin,Vfin,/V\,VERB,avoir,9
2445,359,4,dist,dist,359,Vpp,Vpp,C/V\,VERB,dire,9
2446,359,5,:,:,359,Pnc,Pnc,,PUNCT,:,9
2447,359,6,"""","""",359,Pnc,Pnc,,PUNCT,"""",6
2448,359,7,Soür,soür,359,Adj,Adj,C/(V)\.'/V\,ADJ,sour,-10
2449,359,8,sëez,seez,359,Vfin,Vfin,C/(V)\.'/V\,VERB,sé,-10
2450,359,9,",",",",359,Pnc,Pnc,,PUNCT,",",9
2451,360,1,Quelque,quelque,360,QIs,QIs,'C/V\.C/(e)\,DET,quelque,3
2452,360,2,peril,peril,360,N,N,C/e\.'C/V\,NOUN,péril,9
2453,360,3,que,que,360,Sub,Sub,C/(e)\,SCONJ,que,3
2454,360,4,vus,vus,360,Prn,Prn$,C/V\,PRON,vous,5
2455,360,5,veiez,veiez,360,Vfin,Vfin,C/V\.'C/V\,VERB,voir,8
2456,360,6,.,.,360,Pnc,Pnc,,PUNCT,.,9
2457,361,1,Que,que,361,Qux,Qux,C/(e)\,PRON,que,8
2458,361,2,que,que,361,Sub,Sub,C/(e)\,SCONJ,que,3
2459,361,3,veiez,veiez,361,Vfin,Vfin,C/V\.'C/V\,VERB,voir,8
2460,361,4,",",",",361,Pnc,Pnc,,PUNCT,",",9
2461,361,5,n',n',361,Neg,Neg$$,C/\,ADV,ne,8
2462,361,6,aëz,aez,361,Vfin,Vfin,/V\.'C/V\,VERB,avoir,0
2463,361,7,poür,poür,361,N,N,C/V\.'C/V\,NOUN,peur,6
2464,361,8,:,:,361,Pnc,Pnc,,PUNCT,:,9
2465,362,1,Deus,deus,362,N,N,C/V\,PROPN|NOUN,deus,0
2466,362,2,vus,vus,362,Prn,Prn$$,C/V\,PRON,vous,5
2467,362,3,durat,durat,362,Vfin,Vfin,C/V\.'C/V\,VERB,durer,3
2468,362,4,mult,mult,362,QIs,QIs,C/V\,ADV,moult,5
2469,362,5,bon,bon,362,Adj,Adj,C/V\,ADJ,bon,8
2470,362,6,oür,our,362,N,N,/(V)\.'/V\,NOUN,our,-10
2471,362,7,",",",",362,Pnc,Pnc,,PUNCT,",",9
2472,363,1,E,e,363,Crd,Crd,/V\,CCONJ,et,5
2473,363,2,ço,ço,363,Prn,Prn,C/V\,PRON,ce,5
2474,363,3,verrez,verrez,363,Vfin,Vfin,C/V\.'C/V\,VERB,voir,3
2475,363,4,que,que,363,Sub,Sub,C/(e)\,SCONJ,que,3
2476,363,5,alez,alez,363,Vfin,Vfin,/V\.'C/V\,VERB,aller,8
2477,363,6,querant,querant,363,Vprs,Vprs,C/V\.'C/V\,VERB,quérir,9
2478,364,1,Par,par,364,Pre,Pre,C/V\,ADP,par,8
2479,364,2,la,la,364,Det,Det,C/V\,DET,le,3
2480,364,3,vertud,vertud,364,N,N,C/V\.'C/V\,NOUN,vertu,9
2481,364,4,de,de,364,Pre,Pre,C/(e)\,ADP,de,8
2482,364,5,Deu,deu,364,N,N,C/V\,PROPN,Dieu,5
2483,364,6,le,le,364,Det,Det,C/(e)\,DET,le,8
2484,364,7,grant,grant,364,Adj,Adj,C/V\,ADJ,grand,8
2485,364,8,.,.,364,Pnc,Pnc,,PUNCT,.,9
2486,365,1,E,e,365,Crd,Crd,/V\,CCONJ,et,5
2487,365,2,de,de,365,Pre,Pre,C/(e)\,ADP,de,8
2488,365,3,cunrei,cunrei,365,N,N,C/V\.'C/V\,NOUN,conroi,5
2489,365,4,nen,nen,365,Neg,Neg$$,C/V\,ADV,ne,5
2490,365,5,esmaëz,esmaez,365,Vfin,Vfin,/V\.C/(V)\.'/V\,VERB,émahir,-10
2491,366,1,Que,que,366,Sub,Sub,C/(e)\,SCONJ,que,3
2492,366,2,vus,vus,366,Prn,Prn,C/V\,PRON,vous,5
2493,366,3,ici,ici,366,Adv,Adv,/V\.'C/V\,ADV,ici,9
2494,366,4,asez,asez,366,Adv,Adv,/V\.'C/V\,ADV,assez,8
2495,366,5,n',n',366,Neg,Neg$$,C/\,ADV,ne,8
2496,366,6,en,en,366,Prn,Prn$$,/V\,PRON,en,3
2497,366,7,aiez,aiez,366,Vfin,Vfin,/V\.'C/V\,VERB,avoir,3
2498,366,8,:,:,366,Pnc,Pnc,,PUNCT,:,9
2499,367,1,Ne,ne,367,Neg,Neg$$,C/(e)\,ADV,ne,8
2500,367,2,frat,frat,367,Vfin,Vfin,C/V\,VERB,faire,6
2501,367,3,faile,faile,367,N,N,'C/V\.C/(e)\,NOUN,faille,0
2502,367,4,desqu',desqu',367,Sub,Sub,C/V\,SCONJ,desque,4
2503,367,5,en,en,367,Prn,Prn$$,/V\,PRON,en,3
2504,367,6,vendrez,vendrez,367,Vfin,Vfin,C/V\.'C/V\,VERB,venir,3
2505,368,1,En,en,368,Pre,Pre,/V\,ADP,en,3
2506,368,2,tel,tel,368,Adj,Adj,C/V\,ADJ,tel,8
2507,368,3,leu,leu,368,N,N,C/V\,NOUN,leu,0
2508,368,4,u,u,368,Qux,Qux,/V\,ADJ|ADV|DET|PRON,u,0
2509,368,5,plus,plus,368,Adv,Adv,C/V\,ADV,plus,8
2510,368,6,prendrez,prendrez,368,Vfin,Vfin,C/V\.'C/V\,VERB,prendre,9
2511,368,7,.,.,368,Pnc,Pnc,,PUNCT,.,9
2512,368,8,"""","""",368,Pnc,Pnc,,PUNCT,"""",6
2513,369,1,Parfunt,parfunt,369,Adj,Adj,C/V\.'C/V\,ADJ,parfond,6
2514,369,2,clinant,clinant,369,Vprs,Vprs,C/V\.'C/V\,VERB,cliner,9
2515,369,3,",",",",369,Pnc,Pnc,,PUNCT,",",9
2516,369,4,saisit,saisit,369,Vfin,Vfin,C/V\.'C/V\,VERB,saisir,6
2517,369,5,les,les,369,Prn,Prn%%,C/V\,PRON,le,3
2518,369,6,en,en,369,Prn,Prn%%,/V\,PRON,on,3
2519,369,7,.,.,369,Pnc,Pnc,,PUNCT,.,9
2520,370,1,Plus,plus,370,Adv,Adv,C/V\,ADV,plus,8
2521,370,2,ne,ne,370,Neg,Neg$$,C/(e)\,ADV,ne,8
2522,370,3,lur,lur,370,Prn,Prn$$,C/V\,PRON,leur,5
2523,370,4,dist,dist,370,Vfin,Vfin,C/V\,VERB,dire,9
2524,370,5,",",",",370,Pnc,Pnc,,PUNCT,",",9
2525,370,6,meis,meis,370,Crd,Crd,C/V\,CCONJ,mais,5
2526,370,7,alat,alat,370,Vfin,Vfin,/V\.'C/V\,VERB,aller,9
2527,370,8,s',s',370,Prn,Prn%%,C/\,PRON,se,3
2528,370,9,en,en,370,Prn,Prn,/V\,PRON,en,3
2529,370,10,.,.,370,Pnc,Pnc,,PUNCT,.,9
2530,371,1,Or,or,371,Adv,Adv,/V\,ADV,or,8
2531,371,2,unt,unt,371,Vfin,Vfin,/V\,VERB,avoir,5
2532,371,3,voüt,voüt,371,Vpp,Vpp,C/(V)\.'/V\,VERB,voir,6
2533,371,4,li,li,371,Det,Det,C/V\,DET,le,3
2534,371,5,Deu,deu,371,N,N,C/V\,PROPN,Dieu,5
2535,371,6,servant,servant,371,N,N,C/V\.'C/V\,PROPN|NOUN,servant,5
2536,372,1,Que,que,372,Sub,Sub,C/(e)\,SCONJ,que,3
2537,372,2,il,il,372,Prn,Prn$,/V\,PRON,il,9
2538,372,3,eirent,eirent,372,Vfin,Vfin,'/V\.C/e\,VERB,être,6
2539,372,4,par,par,372,Pre,Pre,C/V\,ADP,par,8
2540,372,5,Deu,deu,372,N,N,C/V\,PROPN,Dieu,5
2541,372,6,cumant,cumant,372,N,N,C/V\.'C/V\,NOUN,command,5
2542,372,7,",",",",372,Pnc,Pnc,,PUNCT,",",9
2543,373,1,E,e,373,Crd,Crd,/V\,CCONJ,et,5
2544,373,2,unt,unt,373,Vfin,Vfin,/V\,VERB,avoir,5
2545,373,3,pruvét,pruvét,373,Vpp,Vpp,C/V\.'C/V\,VERB,pruver,-10
2546,373,4,tut,tut,373,QIs,QIs,C/V\,PRON,tut,-10
2547,373,5,a,a,373,Pre,Pre,/V\,ADP,à,3
2548,373,6,soüt,soüt,373,Vpp,Vpp,C/(V)\.'/V\,VERB,suivre,6
2549,374,1,Par,par,374,Pre,Pre,C/V\,ADP,par,8
2550,374,2,miracles,miracles,374,N,N,C/V\.'C/V\.C/e\,NOUN,miracle,9
2551,374,3,que,que,374,Qux,Qux,C/(e)\,ADJ|ADV|DET|PRON,que,8
2552,374,4,unt,unt,374,Vfin,Vfin,/V\,VERB,avoir,5
2553,374,5,voüt,voüt,374,Vpp,Vpp,C/(V)\.'/V\,VERB,voir,6
2554,374,6,.,.,374,Pnc,Pnc,,PUNCT,.,9
2555,375,1,E,e,375,Crd,Crd,/V\,CCONJ,et,5
2556,375,2,bien,bien,375,Adv,Adv,C/V\,ADV,bien,8
2557,375,3,veient,veient,375,Vfin,Vfin,'C/V\./e\,VERB,voir,6
2558,375,4,que,que,375,Sub,Sub,C/(e)\,SCONJ,que,3
2559,375,5,Deus,deus,375,N,N,C/V\,PROPN,Dieu,5
2560,375,6,les,les,375,Prn,Prn$$,C/V\,PRON,le,3
2561,375,7,paist,paist,375,Vfin,Vfin,C/V\,VERB,paître,5
2562,375,8,:,:,375,Pnc,Pnc,,PUNCT,:,9
2563,376,1,De,de,376,Pre,Pre,C/(e)\,ADP,de,8
2564,376,2,loër,loer,376,Vinf,Vinf,C/V\.'C/V\,VERB,louer,8
2565,376,3,Deu,deu,376,N,N,C/V\,PROPN,Dieu,5
2566,376,4,nuls,nuls,376,QIs,QIs,C/V\,PRON,nul,8
2567,376,5,ne,ne,376,Neg,Neg$$,C/(e)\,ADV,ne,8
2568,376,6,se,se,376,Prn,Prn$$,C/(e)\,PRON,se,3
2569,376,7,taist,taist,376,Vfin,Vfin,C/V\,VERB,taire,9
2570,376,8,.,.,376,Pnc,Pnc,,PUNCT,.,9
2571,377,1,Siglent,siglent,377,Vfin,Vfin,'C/V\.C/e\,VERB,cingler,6
2572,377,2,al,al,377,Pre+Det,Pre+Det,/V\,ADP.DET,à.le,3
2573,377,3,vent,vent,377,N,N,C/V\,PROPN|NOUN,vent,5
2574,377,4,",",",",377,Pnc,Pnc,,PUNCT,",",9
2575,377,5,vunt,vunt,377,Vinf,Vinf,C/V\,VERB,aller,6
2576,377,6,s',s',377,Prn,Prn%%,C/\,PRON,se,3
2577,377,7,en,en,377,Prn,Prn,/V\,PRON,en,3
2578,377,8,adés,adés,377,Adv,Adv,/V\.'C/V\,ADV,adès,6
2579,377,9,.,.,377,Pnc,Pnc,,PUNCT,.,9
2580,378,1,Li,li,378,Det,Det,C/V\,DET,le,3
2581,378,2,cunduz,cunduz,378,N,N,C/V\.'C/V\,PROPN|NOUN,conduire,0
2582,378,3,Deu,deu,378,N,N,C/V\,PROPN|NOUN,de.le,0
2583,378,4,mult,mult,378,QIs,QIs,C/V\,ADV,moult,5
2584,378,5,lor,lor,378,Prn,Prn$$,C/V\,PRON,leur,8
2585,378,6,est,est,378,Vfin,Vfin,/V\,VERB,être,3
2586,378,7,pres,pres,378,PrA,PrA,C/V\,ADV,près,8
2587,378,8,.,.,378,Pnc,Pnc,,PUNCT,.,9
2588,379,1,Curent,curent,379,Vfin,Vfin,'C/V\.C/e\,VERB,curir,-10
2589,379,2,par,par,379,Pre,Pre,C/V\,ADP,par,8
2590,379,3,mer,mer,379,N,N,C/V\,NOUN,mer,8
2591,379,4,grant,grant,379,Adj,Adj,C/V\,ADJ,grand,8
2592,379,5,part,part,379,N,N,C/V\,NOUN,part,3
2593,379,6,de,de,379,Pre,Pre,C/(e)\,ADP,de,8
2594,379,7,l',l',379,Det,Det,C/\,DET,le,8
2595,379,8,an,an,379,N,N,/V\,NOUN,an,3
2596,380,1,E,e,380,Crd,Crd,/V\,CCONJ,et,5
2597,380,2,merveilles,merveilles,380,Adv,Adv,C/V\.'C/V\.C/e\,ADV,merveille,4
2598,380,3,trestrent,trestrent,380,Vfin,Vfin,'C/V\.C/e\,VERB,traire,6
2599,380,4,ahan,ahan,380,N,N,/V\.'C/V\,NOUN,ahan,8
2600,380,5,.,.,380,Pnc,Pnc,,PUNCT,.,9
2601,381,1,Terre,terre,381,N,N,'C/V\.C/(e)\,NOUN,terre,8
2602,381,2,veient,veient,381,Vfin,Vfin,'C/V\./e\,VERB,voir,6
2603,381,3,a,a,381,Pre,Pre,/V\,ADP,à,3
2604,381,4,lur,lur,381,Det,Det,C/V\,DET,leur,8
2605,381,5,espeir,espeir,381,N,N,/V\.'C/V\,PROPN|NOUN,espoir,5
2606,381,6,",",",",381,Pnc,Pnc,,PUNCT,",",9
2607,382,1,Cum,cum,382,Sub,Sub,C/V\,SCONJ,comme,5
2608,382,2,de,de,382,Pre,Pre,C/(e)\,ADP,de,8
2609,382,3,plus,plus,382,Adv,Adv,C/V\,ADV,plus,8
2610,382,4,luin,luin,382,Adv,Adv,C/V\,ADV,loin,6
2611,382,5,lur,lur,382,Prn,Prn$$,C/V\,PRON,leur,5
2612,382,6,pout,pout,382,Vfin,Vfin,C/V\,VERB,pouvoir,3
2613,382,7,pareir,pareir,382,Vinf,Vinf,C/V\.'C/V\,VERB,pareir,-10
2614,382,8,.,.,382,Pnc,Pnc,,PUNCT,.,9
2615,383,1,Drechent,drechent,383,Vfin,Vfin,'C/V\.C/e\,VERB,dresser,9
2616,383,2,lur,lur,383,Det,Det,C/V\,DET,leur,5
2617,383,3,nef,nef,383,N,N,C/V\,NOUN,nef,9
2618,383,4,icele,icele,383,Dem,Dem,/V\.'C/V\.C/(e)\,DET,cil,3
2619,383,5,part,part,383,N,N,C/V\,NOUN,part,3
2620,383,6,",",",",383,Pnc,Pnc,,PUNCT,",",9
2621,384,1,E,e,384,Crd,Crd,/V\,CCONJ,et,5
2622,384,2,n',n',384,Neg,Neg$$,C/\,ADV,ne,8
2623,384,3,i,i,384,Prn,Prn$$,/V\,PRON,y,3
2624,384,4,at,at,384,Vfin,Vfin,/V\,VERB,avoir,9
2625,384,5,nul,nul,384,QIs,QIs,C/V\,PRON,nul,8
2626,384,6,de,de,384,Pre,Pre,C/(e)\,ADP,de,8
2627,384,7,nager,nager,384,Vinf,Vinf,C/V\.'C/V\,VERB,nager,9
2628,384,8,se,se,384,Prn,Prn$$,C/(e)\,PRON,si,0
2629,384,9,tart,tart,384,Vfin,Vfin,C/V\,VERB,tarder,5
2630,384,10,.,.,384,Pnc,Pnc,,PUNCT,.,9
2631,385,1,Lascent,lascent,385,Vfin,Vfin,'C/V\.C/e\,VERB,lâcher,6
2632,385,2,cordes,cordes,385,N,N,'C/V\.C/e\,NOUN,corde,8
2633,385,3,",",",",385,Pnc,Pnc,,PUNCT,",",9
2634,385,4,metent,metent,385,Vfin,Vfin,'C/V\.C/e\,VERB,mettre,6
2635,385,5,veil,veil,385,N,N,C/V\,PROPN|NOUN,veuil,5
2636,385,6,jus,jus,385,Adv,Adv,C/V\,ADV,jus,8
2637,385,7,;,;,385,Pnc,Pnc,,PUNCT,;,9
2638,386,1,Ariverent,ariverent,386,Vfin,Vfin,/V\.C/V\.'C/V\.C/e\,VERB,arriver,9
2639,386,2,e,e,386,Crd,Crd,/V\,CCONJ,et,5
2640,386,3,sailent,sailent,386,Vfin,Vfin,'C/V\.C/e\,VERB,saillir,9
2641,386,4,sus,sus,386,PrA,PrA,C/V\,ADV,sus,8
2642,386,5,.,.,386,Pnc,Pnc,,PUNCT,.,9
2643,387,1,Veient,veient,387,Vfin,Vfin,'C/V\./e\,VERB,voir,6
2644,387,2,berbiz,berbiz,387,N,N,C/V\.'C/V\,PROPN|NOUN,brebis,6
2645,387,3,a,a,387,Pre,Pre,/V\,ADP,à,3
2646,387,4,grant,grant,387,Adj,Adj,C/V\,ADJ,grand,8
2647,387,5,fuisun,fuisun,387,N,N,C/V\.'C/V\,NOUN,foison,6
2648,387,6,",",",",387,Pnc,Pnc,,PUNCT,",",9
2649,388,1,A,a,388,Pre,Pre,/V\,ADP,à,3
2650,388,2,chescune,chescune,388,QIs,QIs,C/V\.'C/V\.C/(e)\,DET,chacun,7
2651,388,3,blanche,blanche,388,Adj,Adj,'C/V\.C/(e)\,ADJ,blanc,8
2652,388,4,tuisun,tuisun,388,N,N,C/V\.'C/V\,NOUN,tuisun,-10
2653,388,5,.,.,388,Pnc,Pnc,,PUNCT,.,9
2654,389,1,Tutes,tutes,389,QIs,QIs,'C/V\.C/e\,PRON,tus,-10
2655,389,2,erent,erent,389,Vfin,Vfin,'/V\.C/e\,VERB,avoir,0
2656,389,3,itant,itant,389,QIs,QIs,/V\.'C/V\,ADV,tant,6
2657,389,4,grandes,grandes,389,Adj,Adj,'C/V\.C/e\,ADJ,grand,9
2658,390,1,Cum,cum,390,Sub,Sub,C/V\,SCONJ,comme,5
2659,390,2,sunt,sunt,390,Vfin,Vfin,C/V\,VERB,être,3
2660,390,3,li,li,390,Det,Det,C/V\,DET,le,3
2661,390,4,cers,cers,390,N,N,C/V\,NOUN,cerf,5
2662,390,5,par,par,390,Pre,Pre,C/V\,ADP,par,8
2663,390,6,ces,ces,390,Dem,Dem,C/V\,DET,ce,3
2664,390,7,landes,landes,390,N,N,'C/V\.C/e\,NOUN,lande,8
2665,390,8,.,.,390,Pnc,Pnc,,PUNCT,.,9
2666,391,1,Dist,dist,391,Vfin,Vfin,C/V\,VERB,dire,9
2667,391,2,lur,lur,391,Prn,Prn%%,C/V\,PRON,leur,8
2668,391,3,l',l',391,Det,Det,C/\,DET,le,8
2669,391,4,abes,abes,391,N,N,'/V\.C/e\,NOUN,abbé,6
2670,391,5,:,:,391,Pnc,Pnc,,PUNCT,:,9
2671,391,6,"""","""",391,Pnc,Pnc,,PUNCT,"""",6
2672,391,7,Seignurs,seignurs,391,N,N,C/V\.'C/V\,NOUN,seigneur,9
2673,391,8,",",",",391,Pnc,Pnc,,PUNCT,",",9
2674,391,9,d',d',391,Pre,Pre,C/\,ADP,de,9
2675,391,10,ici,ici,391,Adv,Adv,/V\.'C/V\,ADV,ici,9
2676,392,1,Ne,ne,392,Neg,Neg$$,C/(e)\,ADV,ne,8
2677,392,2,nus,nus,392,Prn,Prn$$,C/V\,PRON,nus,-10
2678,392,3,muverum,muverum,392,Vfin,Vfin,C/V\.C/e\.'C/V\,VERB,mouvoir,6
2679,392,4,devant,devant,392,PrA,PrA,C/V\.'C/V\,ADP,devant,8
2680,392,5,terz,terz,392,Adj,Adj,C/V\,ADJ,tiers,5
2681,392,6,di,di,392,N,N,C/V\,PROPN|NOUN,di,5
2682,392,7,.,.,392,Pnc,Pnc,,PUNCT,.,9
2683,393,1,Jusdi,jusdi,393,N,N,C/V\.'C/V\,NOUN,jeudi,6
2684,393,2,est,est,393,Vfin,Vfin,/V\,VERB,être,3
2685,393,3,oi,oi,393,Adv,Adv,/V\,ADV,hui,5
2686,393,4,de,de,393,Pre,Pre,C/(e)\,ADP,de,8
2687,393,5,la,la,393,Det,Det,C/V\,DET,le,3
2688,393,6,ceine,ceine,393,N,N,'C/V\.C/(e)\,NOUN,cène,6
2689,393,7,",",",",393,Pnc,Pnc,,PUNCT,",",9
2690,394,1,Cum,cum,394,Sub,Sub,C/V\,SCONJ,comme,5
2691,394,2,li,li,394,Det,Det,C/V\,DET,le,3
2692,394,3,Filz,filz,394,N,N,C/V\,NOUN,fils,3
2693,394,4,Deu,deu,394,N,N,C/V\,PROPN|NOUN,de.le,0
2694,394,5,suffrit,suffrit,394,Vfin,Vfin,C/V\.'C/V\,VERB,suffrir,-10
2695,394,6,peine,peine,394,N,N,'C/V\.C/(e)\,NOUN,peine,8
2696,394,7,;,;,394,Pnc,Pnc,,PUNCT,;,9
2697,395,1,Il,il,395,Prn,Prn$,/V\,PRON,il,9
2698,395,2,nus,nus,395,Prn,Prn$$,C/V\,PRON,nus,-10
2699,395,3,est,est,395,Vfin,Vfin,/V\,VERB,être,3
2700,395,4,douz,douz,395,Adj,Adj,C/V\,ADJ,doux,5
2701,395,5,e,e,395,Crd,Crd,/V\,CCONJ,et,5
2702,395,6,prest,prest,395,Adj,Adj,C/V\,ADJ,prêt,8
2703,395,7,amis,amis,395,N,N,/V\.'C/V\,NOUN,ami,3
2704,396,1,Qui,qui,396,Qux,Qux,C/V\,PRON,qui,3
2705,396,2,prestement,prestement,396,Adv,Adv,C/V\.C/e\.'C/V\,ADV,prestement,6
2706,396,3,nus,nus,396,Prn,Prn$$,C/V\,PRON,nus,-10
2707,396,4,ad,ad,396,Vfin,Vfin,/V\,VERB,avoir,5
2708,396,5,tramis,tramis,396,Vpp,Vpp,C/V\.'C/V\,VERB,tramettre,3
2709,397,1,Dunt,dunt,397,Qux,Qux,C/V\,DET,dun,0
2710,397,2,poüm,poum,397,Vfin,Vfin,C/V\.'C/V\,VERB,pouvoir,6
2711,397,3,la,la,397,Det,Det,C/V\,DET,le,3
2712,397,4,feste,feste,397,N,N,'C/V\.C/(e)\,NOUN,fête,3
2713,397,5,faire,faire,397,Vinf,Vinf,'C/V\.C/(e)\,VERB,faire,9
2714,397,6,.,.,397,Pnc,Pnc,,PUNCT,.,9
2715,398,1,Pensez,pensez,398,Vfin,Vfin,C/V\.'C/V\,VERB,penser,3
2716,398,2,de,de,398,Pre,Pre,C/(e)\,ADP,de,8
2717,398,3,la,la,398,Det,Det,C/V\,DET,le,3
2718,398,4,nef,nef,398,N,N,C/V\,NOUN,nef,9
2719,398,5,sus,sus,398,PrA,PrA,C/V\,ADP,sus,3
2720,398,6,traire,traire,398,Vinf,Vinf,'C/V\.C/(e)\,VERB,traire,9
2721,398,7,!,!,398,Pnc,Pnc,,PUNCT,!,9
2722,399,1,De,de,399,Pre,Pre,C/(e)\,ADP,de,8
2723,399,2,icez,icez,399,Dem,Dem,/V\.'C/V\,DET,cist,3
2724,399,3,berbiz,berbiz,399,N,N,C/V\.'C/V\,NOUN,brebis,6
2725,399,4,une,une,399,QIs,QIs,'/V\.C/(e)\,DET,un,3
2726,399,5,pernez,pernez,399,Vfin,Vfin,C/V\.'C/V\,VERB,prendre,5
2727,399,6,",",",",399,Pnc,Pnc,,PUNCT,",",9
2728,400,1,Al,al,400,Pre+Det,Pre+Det,/V\,ADP.DET,à.le,3
2729,400,2,di,di,400,N,N,C/V\,PROPN|NOUN,di,5
2730,400,3,pascal,pascal,400,Adj,Adj,C/V\.'C/V\,ADJ,pascal,8
2731,400,4,la,la,400,Prn,Prn$$,C/V\,PRON,le,3
2732,400,5,cunrëez,cunreez,400,Vfin,Vfin,C/V\.C/(V)\.'/V\,VERB,conréer,6
2733,400,6,.,.,400,Pnc,Pnc,,PUNCT,.,9
2734,401,1,A,a,401,Pre,Pre,/V\,ADP,à,3
2735,401,2,Deu,deu,401,N,N,C/V\,PROPN|NOUN,de.le,0
2736,401,3,cungét,cungét,401,N,N,C/V\.'C/V\,NOUN,congé,6
2737,401,4,de,de,401,Pre,Pre,C/(e)\,ADP,de,8
2738,401,5,ço,ço,401,Prn,Prn,C/V\,PRON,ce,5
2739,401,6,ruvum,ruvum,401,Vfin,Vfin,C/V\.'C/V\,VERB,rover,6
2740,401,7,",",",",401,Pnc,Pnc,,PUNCT,",",9
2741,402,1,Altre,altre,402,Adj,Adj,'/V\.C/(e)\,ADJ,autre,5
2742,402,2,quant,quant,402,Qux,Qux,C/V\,ADJ|ADV|DET|PRON,quand,3
2743,402,3,nus,nus,402,Prn,Prn,C/V\,PRON,nus,-10
2744,402,4,or,or,402,Adv,Adv,/V\,ADV,or,8
2745,402,5,n',n',402,Neg,Neg$$,C/\,ADV,ne,8
2746,402,6,i,i,402,Prn,Prn$$,/V\,PRON,y,3
2747,402,7,truvum,truvum,402,Vfin,Vfin,C/V\.'C/V\,VERB,trouver,8
2748,402,8,.,.,402,Pnc,Pnc,,PUNCT,.,9
2749,402,9,"""","""",402,Pnc,Pnc,,PUNCT,"""",6
2750,403,1,Que,que,403,Qux,Qux,C/(e)\,DET,que,3
2751,403,2,cumandat,cumandat,403,Vfin,Vfin,C/V\.C/V\.'C/V\,VERB,commander,6
2752,403,3,",",",",403,Pnc,Pnc,,PUNCT,",",9
2753,403,4,iço,iço,403,Prn,Prn,/V\.'C/V\,PRON,ce,11
2754,403,5,fait,fait,403,Vpp,Vpp,C/V\,VERB,faire,3
2755,403,6,unt,unt,403,Vfin,Vfin,/V\,VERB,avoir,5
2756,403,7,",",",",403,Pnc,Pnc,,PUNCT,",",9
2757,404,1,E,e,404,Crd,Crd,/V\,CCONJ,et,5
2758,404,2,par,par,404,Pre,Pre,C/V\,ADP,par,8
2759,404,3,tres,tres,404,QIs,QIs,C/V\,ADV,très,8
2760,404,4,dis,dis,404,N,N,C/V\,PROPN|NOUN,dix,0
2761,404,5,ileoc,ileoc,404,Adv,Adv,/V\.'C/V\,ADV,illuec,8
2762,404,6,estunt,estunt,404,Vfin,Vfin,/V\.'C/V\,VERB,ester,6
2763,404,7,.,.,404,Pnc,Pnc,,PUNCT,.,9
2764,405,1,Al,al,405,Pre+Det,Pre+Det,/V\,ADP.DET,à.le,3
2765,405,2,samadi,samadi,405,N,N,C/V\.C/V\.'C/V\,NOUN,samadi,-10
2766,405,3,lur,lur,405,Prn,Prn$$,C/V\,PRON,leur,5
2767,405,4,vient,vient,405,Vfin,Vfin,C/V\,VERB,venir,9
2768,405,5,uns,uns,405,QIs,QIs,/V\,DET,un,3
2769,405,6,mes,més,405,N,N,C/V\,PROPN|NOUN,mon,0
2770,405,7,",",",",405,Pnc,Pnc,,PUNCT,",",9
2771,406,1,De,de,406,Pre,Pre,C/(e)\,ADP,de,8
2772,406,2,la,la,406,Det,Det,C/V\,DET,le,3
2773,406,3,part,part,406,N,N,C/V\,NOUN,part,3
2774,406,4,Deu,deu,406,N,N,C/V\,PROPN|NOUN,de.le,0
2775,406,5,salüet,saluet,406,Vfin,Vfin,C/V\.'C/V\./e\,VERB,saluer,6
2776,406,6,les,les,406,Prn,Prn%%,C/V\,PRON,le,3
2777,406,7,.,.,406,Pnc,Pnc,,PUNCT,.,9
2778,407,1,Peil,peil,407,N,N,C/V\,PROPN,poil,2
2779,407,2,out,out,407,Vfin,Vfin,/V\,VERB,ouïr,3
2780,407,3,chanut,chanut,407,Adj,Adj,C/V\.'C/V\,ADJ,Chanut,2
2781,407,4,",",",",407,Pnc,Pnc,,PUNCT,",",9
2782,407,5,oilz,oilz,407,N,N,/V\,PROPN|NOUN,oeil,6
2783,407,6,juvenilz,juvenilz,407,Adj,Adj,C/V\.C/e\.'C/V\,ADJ,juvenil,-10
2784,407,7,:,:,407,Pnc,Pnc,,PUNCT,:,9
2785,408,1,Mult,mult,408,QIs,QIs,C/V\,PRON,moult,5
2786,408,2,out,out,408,Vfin,Vfin,/V\,VERB,ouïr,3
2787,408,3,vescut,vescut,408,Vpp,Vpp,C/V\.'C/V\,VERB,vivre,9
2788,408,4,sanz,sanz,408,Pre,Pre,C/V\,ADP,sans,8
2789,408,5,tuz,tuz,408,QIs,QIs,C/V\,DET,tut,-10
2790,408,6,perilz,perilz,408,N,N,C/V\.'C/V\,NOUN,péril,8
2791,408,7,.,.,408,Pnc,Pnc,,PUNCT,.,9
2792,409,1,Pain,pain,409,N,N,C/V\,NOUN,pain,8
2793,409,2,lur,lur,409,Prn,Prn$$,C/V\,PRON,leur,5
2794,409,3,portet,portet,409,Vfin,Vfin,'C/V\.C/(e)\,VERB,porter,9
2795,409,4,de,de,409,Pre,Pre,C/(e)\,ADP,de,8
2796,409,5,sun,sun,409,Det,Det,C/V\,DET,son,5
2797,409,6,païs,païs,409,N,N,C/V\.'C/V\,NOUN,pays,9
2798,409,7,:,:,409,Pnc,Pnc,,PUNCT,:,9
2799,410,1,Grant,grant,410,Adj,Adj,C/V\,ADJ,grand,8
2800,410,2,e,e,410,Crd,Crd,/V\,CCONJ,et,5
2801,410,3,mult,mult,410,QIs,QIs,C/V\,ADV,moult,5
2802,410,4,blanz,blanz,410,Adj,Adj,C/V\,ADJ,blanc,3
2803,410,5,guasteus,guasteus,410,N,N,C/V\.'C/V\,NOUN,guâteux,-10
2804,410,6,alis,alis,410,Adj,Adj,/V\.'C/V\,ADJ,alis,5
2805,410,7,;,;,410,Pnc,Pnc,,PUNCT,;,9
2806,411,1,E,e,411,Crd,Crd,/V\,CCONJ,et,5
2807,411,2,si,si,411,Sub,Sub,C/V\,SCONJ,si,8
2808,411,3,lur,lur,411,Prn,Prn$$,C/V\,PRON,leur,5
2809,411,4,falt,falt,411,Vfin,Vfin,C/V\,VERB,faillir,6
2810,411,5,nule,nule,411,QIs,QIs,'C/V\.C/(e)\,DET,nul,8
2811,411,6,rien,rien,411,N,N,C/V\,PROPN|NOUN,rien,8
2812,411,7,",",",",411,Pnc,Pnc,,PUNCT,",",9
2813,412,1,Tut,tut,412,QIs,QIs,C/V\,ADJ|ADV|DET|NUM|PRON,taire,0
2814,412,2,lur,lur,412,Prn,Prn$$,C/V\,PRON,leur,8
2815,412,3,truverat,truverat,412,Vfin,Vfin,C/V\.C/e\.'C/V\,VERB,trouver,6
2816,412,4,",",",",412,Pnc,Pnc,,PUNCT,",",9
2817,412,5,ço,ço,412,Prn,Prn,C/V\,PRON,ce,5
2818,412,6,promet,promet,412,Vfin,Vfin,C/V\.'C/V\,VERB,promettre,9
2819,412,7,bien,bien,412,Adv,Adv,C/V\,ADV,bien,8
2820,412,8,.,.,412,Pnc,Pnc,,PUNCT,.,9
2821,413,1,L',l',413,Det,Det,C/\,DET,le,8
2822,413,2,estre,estre,413,N,N,'/V\.C/(e)\,NOUN,être,3
2823,413,3,d',d',413,Pre,Pre,C/\,ADP,de,9
2824,413,4,iloc,iloc,413,Adv,Adv,/V\.'C/V\,ADV,illuec,6
2825,413,5,l',l',413,Det,Det,C/\,DET,le,8
2826,413,6,abes,abes,413,N,N,'/V\.C/e\,NOUN,abbé,6
2827,413,7,anquist,anquist,413,Vfin,Vfin,/V\.'C/V\,VERB,enquérir,6
2828,413,8,.,.,413,Pnc,Pnc,,PUNCT,.,9
2829,414,1,Ne,ne,414,Neg,Neg$$,C/(e)\,ADV,ne,8
2830,414,2,sai,sai,414,Vfin,Vfin,C/V\,VERB,savoir,8
2831,414,3,s',s',414,Sub,Sub,C/\,SCONJ,son,0
2832,414,4,osat,osat,414,Vfin,Vfin,/V\.'C/V\,VERB,oser,6
2833,414,5,",",",",414,Pnc,Pnc,,PUNCT,",",9
2834,414,6,mais,mais,414,Crd,Crd,C/V\,CCONJ,mais,8
2835,414,7,poi,poi,414,PrA,PrA,C/V\,ADV,peu,8
2836,414,8,l',l',414,Prn,Prn$$,C/\,PRON,le,3
2837,414,9,en,en,414,Prn,Prn$$,/V\,PRON,en,3
2838,414,10,dist,dist,414,Vfin,Vfin,C/V\,VERB,dire,9
2839,414,11,;,;,414,Pnc,Pnc,,PUNCT,;,9
2840,415,1,Ço,ço,415,Prn,Prn,C/V\,PRON,ce,5
2841,415,2,respundit,respundit,415,Vfin,Vfin,C/V\.C/V\.'C/V\,VERB,répondre,6
2842,415,3,:,:,415,Pnc,Pnc,,PUNCT,:,9
2843,415,4,"""","""",415,Pnc,Pnc,,PUNCT,"""",6
2844,415,5,Asez,asez,415,Adv,Adv,/V\.'C/V\,ADV,assez,8
2845,415,6,avum,avum,415,Vfin,Vfin,/V\.'C/V\,VERB,avoir,6
2846,416,1,Quanque,quanque,416,Qux,Qux,'C/V\.C/(e)\,ADJ|ADV|DET|PRON,quanque,8
2847,416,2,des,des,416,Pre+Det,Pre+Det,C/V\,ADP.DET,de.le,3
2848,416,3,quers,quers,416,N,N,C/V\,NOUN,coeur,6
2849,416,4,penser,penser,416,Vinf,Vinf,C/V\.'C/V\,VERB,penser,3
2850,416,5,savum,savum,416,Vfin,Vfin,C/V\.'C/V\,VERB,savoir,6
2851,416,6,.,.,416,Pnc,Pnc,,PUNCT,.,9
2852,416,7,"""","""",416,Pnc,Pnc,,PUNCT,"""",6
2853,417,1,E,e,417,Crd,Crd,/V\,CCONJ,et,5
2854,417,2,dist,dist,417,Vfin,Vfin,C/V\,VERB,dire,9
2855,417,3,l',l',417,Det,Det,C/\,DET,le,8
2856,417,4,abes,abes,417,N,N,'/V\.C/e\,NOUN,abbé,6
2857,417,5,:,:,417,Pnc,Pnc,,PUNCT,:,9
2858,417,6,"""","""",417,Pnc,Pnc,,PUNCT,"""",6
2859,417,7,Berbiz,berbiz,417,N,N,C/V\.'C/V\,PROPN,brebis,2
2860,417,8,ad,ad,417,Vfin,Vfin,/V\,VERB,avoir,5
2861,417,9,ci,ci,417,Adv,Adv,C/V\,ADV,ci,8
2862,417,10,",",",",417,Pnc,Pnc,,PUNCT,",",9
2863,418,1,Unc,unc,418,Adv,Adv,/V\,ADV,onques,5
2864,418,2,en,en,418,Pre,Pre,/V\,ADP,en,3
2865,418,3,nul,nul,418,QIs,QIs,C/V\,PRON,nul,8
2866,418,4,leu,leu,418,N,N,C/V\,PROPN|NOUN,le,0
2867,418,5,tant,tant,418,QIs,QIs,C/V\,ADV,tant,8
2868,418,6,grant,grant,418,Adj,Adj,C/V\,ADJ,grand,8
2869,418,7,ne,ne,418,Neg,Neg$$,C/(e)\,ADV,ne,8
2870,418,8,vi,vi,418,Vfin,Vfin,C/V\,VERB,voir,3
2871,418,9,.,.,418,Pnc,Pnc,,PUNCT,.,9
2872,418,10,"""","""",418,Pnc,Pnc,,PUNCT,"""",6
2873,419,1,Respunt,respunt,419,Vfin,Vfin,C/V\.'C/V\,VERB,répondre,6
2874,419,2,lui,lui,419,Prn,Prn%%,C/V\,PRON,lui,8
2875,419,3,cil,cil,419,Dem,Dem,C/V\,PRON,cil,8
2876,419,4,:,:,419,Pnc,Pnc,,PUNCT,:,9
2877,419,5,"""","""",419,Pnc,Pnc,,PUNCT,"""",6
2878,419,6,N',n',419,Neg,Neg$$,C/\,ADV,ne,8
2879,419,7,est,est,419,Vfin,Vfin,/V\,VERB,être,3
2880,419,8,merveille,merveille,419,N,N,C/V\.'C/V\.C/(e)\,NOUN,merveille,8
2881,419,9,:,:,419,Pnc,Pnc,,PUNCT,:,9
2882,420,1,Ja,ja,420,Adv,Adv,C/V\,ADV,ja,3
2883,420,2,ci,ci,420,Adv,Adv,C/V\,ADV,ci,8
2884,420,3,n',n',420,Neg,Neg$$,C/\,ADV,ne,8
2885,420,4,ert,ert,420,Vfin,Vfin,/V\,VERB,être,6
2886,420,5,traite,traite,420,Vpp,Vpp,'C/V\.C/(e)\,VERB,traite,0
2887,420,6,öeile,oeile,420,N,N,/V\.'C/V\.C/(e)\,NOUN,deile,0
2888,420,7,;,;,420,Pnc,Pnc,,PUNCT,;,9
2889,421,1,L',l',421,Det,Det,C/\,DET,le,8
2890,421,2,ivers,ivers,421,N,N,/V\.'C/V\,NOUN,hiver,6
2891,421,3,n',n',421,Neg,Neg$$,C/\,ADV,ne,8
2892,421,4,en,en,421,Prn,Prn$$,/V\,PRON,en,3
2893,421,5,fait,fait,421,Vfin,Vfin,C/V\,VERB,faire,3
2894,421,6,raëncune,raencune,421,N,N,C/(V)\./V\.'C/V\.C/(e)\,NOUN,rancune,0
2895,421,7,",",",",421,Pnc,Pnc,,PUNCT,",",9
2896,422,1,Ne,ne,422,Crd,Crd,C/(e)\,CCONJ,ne,8
2897,422,2,d',d',422,Pre,Pre,C/\,ADP,de,9
2898,422,3,enfertét,enfertét,422,N,N,/V\.C/V\.'C/V\,NOUN,enferté,0
2899,422,4,n',n',422,Neg,Neg$$,C/\,ADV,ne,8
2900,422,5,i,i,422,Prn,Prn$$,/V\,PRON,y,3
2901,422,6,mort,mort,422,Vfin,Vfin,C/V\,VERB,mordre,3
2902,422,7,une,une,422,QIs,QIs,'/V\.C/(e)\,PRON,un,8
2903,422,8,.,.,422,Pnc,Pnc,,PUNCT,.,9
2904,423,1,A,a,423,Pre,Pre,/V\,ADP,à,3
2905,423,2,cel,cel,423,Dem,Dem,C/V\,DET,cil,3
2906,423,3,isle,isle,423,N,N,'/V\.C/(e)\,NOUN,île,9
2907,423,4,que,que,423,Qux,Qux,C/(e)\,PRON,que,8
2908,423,5,tu,tu,423,Prn,Prn$,C/V\,PRON,tu,8
2909,423,6,veis,veis,423,Vfin,Vfin,C/V\,VERB,voir,3
2910,423,7,la,la,423,Adv,Adv,C/V\,ADV,là,8
2911,423,8,",",",",423,Pnc,Pnc,,PUNCT,",",9
2912,424,1,Entre,entre,424,Vfin,Vfin,'/V\.C/(e)\,VERB,entrer,5
2913,424,2,en,en,424,Pre,Pre,/V\,ADP,en,3
2914,424,3,ta,ta,424,Det,Det,C/V\,DET,ton,8
2915,424,4,nef,nef,424,N,N,C/V\,NOUN,nef,9
2916,424,5,",",",",424,Pnc,Pnc,,PUNCT,",",9
2917,424,6,Brandan,brandan,424,N,N,C/V\.'C/V\,PROPN,Brandan,-10
2918,424,7,",",",",424,Pnc,Pnc,,PUNCT,",",9
2919,424,8,e,e,424,Crd,Crd,/V\,CCONJ,et,5
2920,424,9,va,va,424,Vfin,Vfin,C/V\,VERB,aller,9
2921,424,10,.,.,424,Pnc,Pnc,,PUNCT,.,9
2922,425,1,En,en,425,Pre,Pre,/V\,ADP,en,3
2923,425,2,cel,cel,425,Dem,Dem,C/V\,DET,cil,3
2924,425,3,isle,isle,425,N,N,'/V\.C/(e)\,NOUN,île,9
2925,425,4,anuit,anuit,425,Adv,Adv,/V\.'C/V\,ADV,anuit,5
2926,425,5,entras,entras,425,Vfin,Vfin,/V\.'C/V\,VERB,entrer,9
2927,426,1,E,e,426,Crd,Crd,/V\,CCONJ,et,5
2928,426,2,ta,ta,426,Det,Det,C/V\,DET,ton,8
2929,426,3,feste,feste,426,N,N,'C/V\.C/(e)\,NOUN,fête,3
2930,426,4,demain,demain,426,Adv,Adv,C/V\.'C/V\,ADV,demain,8
2931,426,5,i,i,426,Prn,Prn$$,/V\,PRON,y,3
2932,426,6,fras,fras,426,Vfin,Vfin,C/V\,VERB,faire,6
2933,426,7,.,.,426,Pnc,Pnc,,PUNCT,.,9
2934,427,1,Demain,demain,427,Adv,Adv,C/V\.'C/V\,ADV,demain,5
2935,427,2,enz,enz,427,PrA,PrA,/V\,ADP,ens,5
2936,427,3,nuit,nuit,427,N,N,C/V\,NOUN,nuit,8
2937,427,4,en,en,427,Prn,Prn$$,/V\,PRON,en,3
2938,427,5,turnerez,turnerez,427,Vfin,Vfin,C/V\.C/e\.'C/V\,VERB,tourner,6
2939,427,6,;,;,427,Pnc,Pnc,,PUNCT,;,9
2940,428,1,Pur,pur,428,Pre,Pre,C/V\,ADP,pour,5
2941,428,2,quei,quei,428,Qux,Qux,C/V\,ADV,quei,-10
2942,428,3,si,si,428,Adv,Adv,C/V\,ADV,si,8
2943,428,4,tost,tost,428,Adv,Adv,C/V\,ADV,tôt,3
2944,428,5,",",",",428,Pnc,Pnc,,PUNCT,",",9
2945,428,6,bien,bien,428,Adv,Adv,C/V\,ADV,bien,8
2946,428,7,le,le,428,Prn,Prn$$,C/(e)\,PRON,le,8
2947,428,8,verrez,verrez,428,Vfin,Vfin,C/V\.'C/V\,VERB,voir,3
2948,428,9,!,!,428,Pnc,Pnc,,PUNCT,!,9
2949,429,1,Puis,puis,429,PrA,PrA,C/V\,ADV,puis,8
2950,429,2,revendrez,revendrez,429,Vfin,Vfin,C/V\.C/V\.'C/V\,VERB,revenir,3
2951,429,3,e,e,429,Crd,Crd,/V\,CCONJ,et,5
2952,429,4,sanz,sanz,429,Pre,Pre,C/V\,ADP,sans,8
2953,429,5,peril,peril,429,N,N,C/e\.'C/V\,NOUN,péril,9
2954,429,6,",",",",429,Pnc,Pnc,,PUNCT,",",9
2955,430,1,Bien,bien,430,Adv,Adv,C/V\,ADV,bien,8
2956,430,2,pres,pres,430,PrA,PrA,C/V\,ADV,près,8
2957,430,3,siglant,siglant,430,Vprs,Vprs,C/V\.'C/V\,VERB,cingler,6
2958,430,4,de,de,430,Pre,Pre,C/(e)\,ADP,de,8
2959,430,5,cest,cest,430,Dem,Dem,C/V\,DET,cist,3
2960,430,6,costil,costil,430,N,N,C/V\.'C/V\,NOUN,costil,6
2961,430,7,.,.,430,Pnc,Pnc,,PUNCT,.,9
2962,431,1,E,e,431,Crd,Crd,/V\,CCONJ,et,5
2963,431,2,puis,puis,431,PrA,PrA,C/V\,ADV,puis,8
2964,431,3,irez,irez,431,Vfin,Vfin,/V\.'C/V\,VERB,aller,3
2965,431,4,en,en,431,Pre,Pre,/V\,ADP,en,3
2966,431,5,altre,altre,431,Adj,Adj,'/V\.C/(e)\,ADJ,autre,5
2967,431,6,liu,liu,431,N,N,C/V\,NOUN,lieu,5
2968,432,1,U,u,432,Qux,Qux,/V\,ADJ|ADV|DET|PRON,u,0
2969,432,2,jo,jo,432,Prn,Prn$,C/V\,PRON,je,5
2970,432,3,en,en,432,Prn,Prn$$,/V\,PRON,en,3
2971,432,4,vois,vois,432,Vfin,Vfin,C/V\,VERB,aller,3
2972,432,5,e,e,432,Crd,Crd,/V\,CCONJ,et,5
2973,432,6,la,la,432,Adv,Adv,C/V\,ADV,là,8
2974,432,7,vus,vus,432,Prn,Prn$$,C/V\,PRON,vous,5
2975,432,8,siu,siu,432,Vfin,Vfin,C/V\,VERB,suivre,3
2976,432,9,.,.,432,Pnc,Pnc,,PUNCT,.,9
2977,433,1,Mult,mult,433,QIs,QIs,C/V\,ADV,moult,5
2978,433,2,pres,pres,433,PrA,PrA,C/V\,ADV,près,8
2979,433,3,d',d',433,Pre,Pre,C/\,ADP,de,9
2980,433,4,ici,ici,433,Adv,Adv,/V\.'C/V\,ADV,ici,9
2981,433,5,",",",",433,Pnc,Pnc,,PUNCT,",",9
2982,433,6,la,la,433,Adv,Adv,C/V\,ADV,là,5
2983,433,7,vus,vus,433,Prn,Prn$$,C/V\,PRON,vous,5
2984,433,8,truverai,truverai,433,Vfin,Vfin,C/V\.C/e\.'C/V\,VERB,trouver,6
2985,433,9,;,;,433,Pnc,Pnc,,PUNCT,;,9
2986,434,1,Asez,asez,434,Adv,Adv,/V\.'C/V\,ADV,assez,8
2987,434,2,cunrei,cunrei,434,N,N,C/V\.'C/V\,PROPN|NOUN,conroi,8
2988,434,3,vus,vus,434,Prn,Prn$$,C/V\,PRON,vous,5
2989,434,4,porterai,porterai,434,Vfin,Vfin,C/V\.C/e\.'C/V\,VERB,porter,9
2990,434,5,.,.,434,Pnc,Pnc,,PUNCT,.,9
2991,434,6,"""","""",434,Pnc,Pnc,,PUNCT,"""",6
2992,435,1,Siglet,siglet,435,Vfin,Vfin,'C/V\.C/e\,VERB,cingler,6
2993,435,2,Brandan,brandan,435,N,N,C/V\.'C/V\,PROPN,Brandan,-10
2994,435,3,",",",",435,Pnc,Pnc,,PUNCT,",",9
2995,435,4,nel,nel,435,Neg+Prn,Neg$$+Prn$$,C/V\,ADV.PRON,nel,-10
2996,435,5,cuntredit,cuntredit,435,Vfin,Vfin,C/V\.C/e\.'C/V\,VERB,contredire,5
2997,435,6,;,;,435,Pnc,Pnc,,PUNCT,;,9
2998,436,1,Vait,vait,436,Vfin,Vfin,C/V\,VERB,voir,3
2999,436,2,a,a,436,Pre,Pre,/V\,ADP,à,3
3000,436,3,l',l',436,Det,Det,C/\,DET,le,8
3001,436,4,isle,isle,436,N,N,'/V\.C/(e)\,NOUN,île,9
3002,436,5,que,que,436,Qux,Qux,C/(e)\,PRON,que,8
3003,436,6,il,il,436,Prn,Prn,/V\,PRON,il,9
3004,436,7,bien,bien,436,Adv,Adv,C/V\,ADV,bien,8
3005,436,8,vit,vit,436,Vfin,Vfin,C/V\,VERB,voir,3
3006,436,9,.,.,436,Pnc,Pnc,,PUNCT,.,9
3007,437,1,Vent,vent,437,N,N,C/V\,PROPN|NOUN,vent,5
3008,437,2,out,out,437,Vfin,Vfin,/V\,VERB,ouïr,3
3009,437,3,par,par,437,Pre,Pre,C/V\,ADP,par,8
3010,437,4,Deu,deu,437,N,N,C/V\,PROPN,Dieu,5
3011,437,5,e,e,437,Crd,Crd,/V\,CCONJ,et,5
3012,437,6,tost,tost,437,Adv,Adv,C/V\,ADV,tôt,3
3013,437,7,i,i,437,Prn,Prn$$,/V\,PRON,y,3
3014,437,8,fud,fud,437,Vfin,Vfin,C/V\,VERB,être,6
3015,437,9,",",",",437,Pnc,Pnc,,PUNCT,",",9
3016,438,1,Mais,mais,438,Crd,Crd,C/V\,CCONJ,mais,8
3017,438,2,bien,bien,438,Adv,Adv,C/V\,ADV,bien,8
3018,438,3,grant,grant,438,Adj,Adj,C/V\,ADJ,grand,8
3019,438,4,mer,mer,438,N,N,C/V\,NOUN,mer,8
3020,438,5,out,out,438,Vfin,Vfin,/V\,VERB,ouïr,3
3021,438,6,trescurud,trescurud,438,Vpp,Vpp,C/V\.C/V\.'C/V\,VERB,UNKNOWN,-10
3022,438,7,;,;,438,Pnc,Pnc,,PUNCT,;,9
3023,439,1,Eissi,eissi,439,Adv,Adv,/V\.'C/V\,ADV,ainsi,5
3024,439,2,vait,vait,439,Vfin,Vfin,C/V\,VERB,voir,3
3025,439,3,qui,qui,439,Qux,Qux,C/V\,PRON,qui,3
3026,439,4,Deus,deus,439,N,N,C/V\,PROPN|NOUN,devoir,0
3027,439,5,maine,maine,439,Vfin,Vfin,'C/V\.C/(e)\,VERB,mener,3
3028,439,6,.,.,439,Pnc,Pnc,,PUNCT,.,9
3029,440,1,Terre,terre,440,N,N,'C/V\.C/(e)\,NOUN,terre,8
3030,440,2,prennent,prennent,440,Vfin,Vfin,'C/V\.C/e\,VERB,prendre,9
3031,440,3,e,e,440,Crd,Crd,/V\,CCONJ,et,5
3032,440,4,sanz,sanz,440,Pre,Pre,C/V\,ADP,sans,8
3033,440,5,peine,peine,440,N,N,'C/V\.C/(e)\,NOUN,peine,8
3034,440,6,.,.,440,Pnc,Pnc,,PUNCT,.,9
3035,441,1,Eissent,eissent,441,Vfin,Vfin,'/V\.C/e\,VERB,issir,6
3036,441,2,s',s',441,Prn,Prn%%,C/\,PRON,si,0
3037,441,3,en,en,441,Prn,Prn,/V\,PRON,en,3
3038,441,4,fors,fors,441,PrA,PrA,C/V\,ADV,fors,3
3039,441,5,tuit,tuit,441,QIs,QIs,C/V\,ADJ|ADV|DET|NUM|PRON,tuire,-10
3040,441,6,li,li,441,Det,Det,C/V\,DET,le,3
3041,441,7,frere,frere,441,N,N,'C/V\.C/(e)\,NOUN,frère,9
3042,442,1,Fors,fors,442,PrA,PrA,C/V\,ADP|ADV,Fors,-10
3043,442,2,sul,sul,442,Adv,Adv,C/V\,ADV,seul,5
3044,442,3,l',l',442,Det,Det,C/\,DET,le,8
3045,442,4,abes,abes,442,N,N,'/V\.C/e\,NOUN,abbé,6
3046,442,5,qui,qui,442,Qux,Qux,C/V\,PRON,qui,3
3047,442,6,enz,enz,442,PrA,PrA,/V\,ADP,ens,5
3048,442,7,ere,ere,442,Vfin,Vfin,'/V\.C/(e)\,VERB,ère,-10
3049,442,8,.,.,442,Pnc,Pnc,,PUNCT,.,9
3050,443,1,Beal,beal,443,Adj,Adj,C/V\,ADJ,beau,9
3051,443,2,servise,servise,443,N,N,C/V\.'C/V\.C/(e)\,NOUN,service,6
3052,443,3,e,e,443,Crd,Crd,/V\,CCONJ,et,5
3053,443,4,mult,mult,443,QIs,QIs,C/V\,ADV,moult,5
3054,443,5,entrin,entrin,443,Adj,Adj,/V\.'C/V\,ADJ,entrin,-10
3055,444,1,Firent,firent,444,Vfin,Vfin,'C/V\.C/e\,VERB,faire,3
3056,444,2,la,la,444,Det,Det,C/V\,DET,le,3
3057,444,3,nuit,nuit,444,N,N,C/V\,NOUN,nuit,8
3058,444,4,e,e,444,Crd,Crd,/V\,CCONJ,et,5
3059,444,5,le,le,444,Det,Det,C/(e)\,DET,le,8
3060,444,6,matin,matin,444,N,N,C/V\.'C/V\,NOUN,matin,3
3061,444,7,.,.,444,Pnc,Pnc,,PUNCT,.,9
3062,445,1,Puis,puis,445,PrA,PrA,C/V\,ADV,puis,8
3063,445,2,que,que,445,Sub,Sub,C/(e)\,SCONJ,que,3
3064,445,3,unt,unt,445,Vfin,Vfin,/V\,VERB,avoir,5
3065,445,4,tut,tut,445,QIs,QIs,C/V\,PRON,tut,-10
3066,445,5,fait,fait,445,Vpp,Vpp,C/V\,VERB,faire,3
3067,445,6,lur,lur,445,Det,Det,C/V\,DET,leur,8
3068,445,7,servise,servise,445,N,N,C/V\.'C/V\.C/(e)\,NOUN,service,6
3069,446,1,En,en,446,Pre,Pre,/V\,ADP,en,3
3070,446,2,la,la,446,Det,Det,C/V\,DET,le,3
3071,446,3,nef,nef,446,N,N,C/V\,NOUN,nef,9
3072,446,4,cum,cum,446,Sub,Sub,C/V\,SCONJ,comme,5
3073,446,5,en,en,446,Pre,Pre,/V\,ADP,en,3
3074,446,6,eglise,eglise,446,N,N,/V\.'C/V\.C/(e)\,NOUN,église,9
3075,446,7,",",",",446,Pnc,Pnc,,PUNCT,",",9
3076,447,1,Charn,charn,447,N,N,C/V\,PROPN,chair,2
3077,447,2,de,de,447,Pre,Pre,C/(e)\,ADP,de,8
3078,447,3,la,la,447,Det,Det,C/V\,DET,le,3
3079,447,4,nef,nef,447,N,N,C/V\,NOUN,nef,9
3080,447,5,qu',qu',447,Qux,Qux,C/\,PRON,que,3
3081,447,6,il,il,447,Prn,Prn$,/V\,PRON,il,9
3082,447,7,i,i,447,Prn,Prn$$,/V\,PRON,y,3
3083,447,8,mistrent,mistrent,447,Vfin,Vfin,'C/V\.C/e\,VERB,mettre,3
3084,447,9,",",",",447,Pnc,Pnc,,PUNCT,",",9
3085,448,1,Pur,pur,448,Pre,Pre,C/V\,ADP,pour,5
3086,448,2,quire,quire,448,Vinf,Vinf,'C/V\.C/(e)\,VERB,quire,-10
3087,448,3,la,la,448,Adv,Adv,C/V\,ADV,là,5
3088,448,4,dunc,dunc,448,Adv,Adv,C/V\,ADV,donc,6
3089,448,5,la,la,448,Prn,Prn$$,C/V\,PRON,le,3
3090,448,6,pristrent,pristrent,448,Vfin,Vfin,'C/V\.C/e\,VERB,prendre,9
3091,448,7,.,.,448,Pnc,Pnc,,PUNCT,.,9
3092,449,1,De,de,449,Pre,Pre,C/(e)\,ADP,de,8
3093,449,2,la,la,449,Det,Det,C/V\,DET,le,3
3094,449,3,busche,busche,449,N,N,'C/V\.C/(e)\,NOUN,bûche,5
3095,449,4,en,en,449,Prn,Prn$$,/V\,PRON,en,3
3096,449,5,vunt,vunt,449,Vfin,Vfin,C/V\,VERB,aller,6
3097,449,6,quere,quere,449,Vinf,Vinf,'C/V\.C/(e)\,VERB,quérir,8
3098,450,1,Dunt,dunt,450,Qux,Qux,C/V\,PRON,dont,5
3099,450,2,le,le,450,Det,Det,C/(e)\,DET,le,8
3100,450,3,manger,manger,450,Vinf,Vinf,C/V\.'C/V\,VERB,manger,9
3101,450,4,funt,funt,450,Vfin,Vfin,C/V\,VERB,être,0
3102,450,5,a,a,450,Pre,Pre,/V\,ADP,à,3
3103,450,6,terre,terre,450,N,N,'C/V\.C/(e)\,NOUN,terre,8
3104,450,7,.,.,450,Pnc,Pnc,,PUNCT,.,9
3105,451,1,Cum,cum,451,Sub,Sub,C/V\,SCONJ,comme,5
3106,451,2,li,li,451,Det,Det,C/V\,DET,le,3
3107,451,3,mangers,mangers,451,Vinf,Vinf,C/V\.'C/V\,VERB,manger,9
3108,451,4,fud,fud,451,Vfin,Vfin,C/V\,VERB,être,6
3109,451,5,cunrëez,cunreez,451,Vpp,Vpp,C/V\.C/(V)\.'/V\,VERB,conréer,6
3110,451,6,",",",",451,Pnc,Pnc,,PUNCT,",",9
3111,452,1,Dist,dist,452,Vfin,Vfin,C/V\,VERB,dire,9
3112,452,2,li,li,452,Det,Det,C/V\,DET,le,3
3113,452,3,bailis,bailis,452,N,N,C/V\.'C/V\,NOUN,baillis,-10
3114,452,4,:,:,452,Pnc,Pnc,,PUNCT,:,9
3115,452,5,"""","""",452,Pnc,Pnc,,PUNCT,"""",6
3116,452,6,Or,or,452,Adv,Adv,/V\,ADV,or,8
3117,452,7,asëez,aseez,452,Vfin,Vfin,/V\.C/(V)\.'/V\,VERB,asseoir,6
3118,452,8,!,!,452,Pnc,Pnc,,PUNCT,!,9
3119,452,9,',"""",452,Pnc,Pnc,,PUNCT,',6
3120,453,1,Dunc,dunc,453,Adv,Adv,C/V\,ADV,donc,6
3121,453,2,s',s',453,Prn,Prn$$,C/\,PRON,se,3
3122,453,3,escrïent,escrient,453,Vfin,Vfin,/V\.'C/V\./e\,VERB,écrier,9
3123,453,4,mult,mult,453,QIs,QIs,C/V\,ADV,moult,5
3124,453,5,haltement,haltement,453,Adv,Adv,C/V\.C/e\.'C/V\,ADV,hautement,6
3125,453,6,:,:,453,Pnc,Pnc,,PUNCT,:,9
3126,454,1,"""","""",454,Pnc,Pnc,,PUNCT,"""",6
3127,454,2,A,a,454,Exc,Exc,/V\,INTJ,ah,8
3128,454,3,!,!,454,Pnc,Pnc,,PUNCT,!,9
3129,454,4,donz,donz,454,N,N,C/V\,PROPN|NOUN,don,6
3130,454,5,abes,abes,454,N,N,'/V\.C/e\,NOUN,abbé,6
3131,454,6,",",",",454,Pnc,Pnc,,PUNCT,",",9
3132,454,7,quar,quar,454,Crd,Crd,C/V\,CCONJ,car,8
3133,454,8,nus,nus,454,Prn,Prn$$,C/V\,PRON,nus,-10
3134,454,9,atent,atent,454,Vfin,Vfin,/V\.'C/V\,VERB,attendre,9
3135,454,10,!,!,454,Pnc,Pnc,,PUNCT,!,9
3136,455,1,Quar,quar,455,Crd,Crd,C/V\,CCONJ,car,8
3137,455,2,la,la,455,Det,Det,C/V\,DET,le,3
3138,455,3,terre,terre,455,N,N,'C/V\.C/(e)\,NOUN,terre,8
3139,455,4,tute,tute,455,QIs,QIs,'C/V\.C/(e)\,ADJ|ADV|DET|NUM|PRON,tuter,0
3140,455,5,muveit,muveit,455,Vfin,Vfin,C/V\.'C/V\,VERB,mouvoir,6
3141,456,1,E,e,456,Crd,Crd,/V\,CCONJ,et,5
3142,456,2,de,de,456,Pre,Pre,C/(e)\,ADP,de,8
3143,456,3,la,la,456,Det,Det,C/V\,DET,le,3
3144,456,4,nef,nef,456,N,N,C/V\,NOUN,nef,9
3145,456,5,mult,mult,456,QIs,QIs,C/V\,ADV,moult,5
3146,456,6,se,se,456,Prn,Prn$$,C/(e)\,PRON,se,3
3147,456,7,luigneit,luigneit,456,Vfin,Vfin,C/V\.'C/V\,VERB,luigner,-10
3148,456,8,.,.,456,Pnc,Pnc,,PUNCT,.,9
3149,457,1,Dist,dist,457,Vfin,Vfin,C/V\,VERB,dire,9
3150,457,2,li,li,457,Det,Det,C/V\,DET,le,3
3151,457,3,abes,abes,457,N,N,'/V\.C/e\,NOUN,abbé,6
3152,457,4,:,:,457,Pnc,Pnc,,PUNCT,:,9
3153,457,5,"""","""",457,Pnc,Pnc,,PUNCT,"""",6
3154,457,6,Ne,ne,457,Neg,Neg$$,C/(e)\,ADV,ne,8
3155,457,7,vus,vus,457,Prn,Prn$$,C/V\,PRON,vous,5
3156,457,8,tamez,tamez,457,Vfin,Vfin,C/V\.'C/V\,VERB,temer,6
3157,457,9,",",",",457,Pnc,Pnc,,PUNCT,",",9
3158,458,1,Mais,mais,458,Crd,Crd,C/V\,CCONJ,mais,8
3159,458,2,Damnedeu,damnedeu,458,N,N,C/V\.C/e\.'C/V\,PROPN|NOUN,Damnedeux,-10
3160,458,3,mult,mult,458,QIs,QIs,C/V\,ADV,moult,5
3161,458,4,reclamez,reclamez,458,Vfin,Vfin,C/V\.C/V\.'C/V\,VERB,réclamer,6
3162,458,5,!,!,458,Pnc,Pnc,,PUNCT,!,9
3163,459,1,E,e,459,Crd,Crd,/V\,CCONJ,et,5
3164,459,2,pernez,pernez,459,Vfin,Vfin,C/V\.'C/V\,VERB,prendre,5
3165,459,3,tut,tut,459,QIs,QIs,C/V\,ADJ|ADV|DET|NUM|PRON,taire,0
3166,459,4,nostre,nostre,459,Det,Det,'C/V\.C/(e)\,DET,notre,8
3167,459,5,cunrei,cunrei,459,N,N,C/V\.'C/V\,NOUN,conroi,5
3168,459,6,",",",",459,Pnc,Pnc,,PUNCT,",",9
3169,460,1,Enz,enz,460,PrA,PrA,/V\,ADV,ens,8
3170,460,2,en,en,460,Pre,Pre,/V\,ADP,en,3
3171,460,3,la,la,460,Det,Det,C/V\,DET,le,3
3172,460,4,nef,nef,460,N,N,C/V\,NOUN,nef,9
3173,460,5,venez,venez,460,Vfin,Vfin,C/V\.'C/V\,VERB,venir,3
3174,460,6,a,a,460,Pre,Pre,/V\,ADP,à,3
3175,460,7,mei,mei,460,Prn,Prn,C/V\,PRON,moi,5
3176,460,8,!,!,460,Pnc,Pnc,,PUNCT,!,9
3177,460,9,"""","""",460,Pnc,Pnc,,PUNCT,"""",6
3178,461,1,Jetet,jetet,461,Vfin,Vfin,'C/V\.C/e\,VERB,jeter,9
3179,461,2,lur,lur,461,Prn,Prn%%,C/V\,PRON,leur,8
3180,461,3,fuz,fuz,461,N,N,C/V\,NOUN,fus,-10
3181,461,4,e,e,461,Crd,Crd,/V\,CCONJ,et,5
3182,461,5,bien,bien,461,Adv,Adv,C/V\,ADV,bien,8
3183,461,6,luncs,luncs,461,Adj,Adj,C/V\,ADJ,lun,-10
3184,461,7,raps,raps,461,N,N,C/V\,NOUN,rap,-10
3185,461,8,;,;,461,Pnc,Pnc,,PUNCT,;,9
3186,462,1,Parmi,parmi,462,PrA,PrA,C/V\.'C/V\,ADP,parmi,8
3187,462,2,tut,tut,462,QIs,QIs,C/V\,ADJ|ADV|DET|NUM|PRON,taire,0
3188,462,3,ço,ço,462,Prn,Prn,C/V\,PRON,ce,5
3189,462,4,muilent,muilent,462,Vfin,Vfin,'C/V\.C/e\,VERB,muiller,-10
3190,462,5,lur,lur,462,Det,Det,C/V\,DET,leur,8
3191,462,6,dras,dras,462,N,N,C/V\,NOUN,drap,6
3192,462,7,.,.,462,Pnc,Pnc,,PUNCT,.,9
3193,463,1,Enz,enz,463,PrA,PrA,/V\,ADV,ens,8
3194,463,2,en,en,463,Pre,Pre,/V\,ADP,en,3
3195,463,3,la,la,463,Det,Det,C/V\,DET,le,3
3196,463,4,nef,nef,463,N,N,C/V\,NOUN,nef,9
3197,463,5,entré,entré,463,Vpp,Vpp,/V\.'C/V\,VERB,entrer,3
3198,463,6,sunt,sunt,463,Vfin,Vfin,C/V\,VERB,être,3
3199,463,7,tuit,tuit,463,QIs,QIs,C/V\,ADJ|ADV|DET|NUM|PRON,tuit,-10
3200,463,8,.,.,463,Pnc,Pnc,,PUNCT,.,9
3201,464,1,Mais,mais,464,Crd,Crd,C/V\,CCONJ,mais,8
3202,464,2,lur,lur,464,Det,Det,C/V\,DET,leur,5
3203,464,3,isle,isle,464,N,N,'/V\.C/(e)\,NOUN,île,9
3204,464,4,mult,mult,464,QIs,QIs,C/V\,ADV,moult,5
3205,464,5,tost,tost,464,Adv,Adv,C/V\,ADV,tôt,3
3206,464,6,s',s',464,Prn,Prn$$,C/\,PRON,se,3
3207,464,7,en,en,464,Prn,Prn$$,/V\,PRON,en,3
3208,464,8,fuit,fuit,464,Vfin,Vfin,C/V\,VERB,fuir,3
3209,464,9,",",",",464,Pnc,Pnc,,PUNCT,",",9
3210,465,1,E,e,465,Crd,Crd,/V\,CCONJ,et,5
3211,465,2,de,de,465,Pre,Pre,C/(e)\,ADP,de,8
3212,465,3,dis,dis,465,QIs,QIs,C/V\,ADJ|ADV|DET|NUM|PRON,dix,3
3213,465,4,liuues,liuues,465,N,N,'C/V\./e\,NOUN,liue,-10
3214,465,5,bien,bien,465,Adv,Adv,C/V\,ADV,bien,8
3215,465,6,choisirent,choisirent,465,Vfin,Vfin,C/V\.'C/V\.C/e\,VERB,choisir,9
3216,466,1,Le,le,466,Det,Det,C/(e)\,DET,le,8
3217,466,2,fou,fou,466,N,N,C/V\,NOUN,fou,3
3218,466,3,sur,sur,466,PrA,PrA,C/V\,ADP,sur,8
3219,466,4,lui,lui,466,Prn,Prn,C/V\,PRON,lui,8
3220,466,5,qu',qu',466,Qux,Qux,C/\,ADJ|ADV|DET|PRON,que,3
3221,466,6,il,il,466,Prn,Prn$,/V\,PRON,il,9
3222,466,7,i,i,466,Prn,Prn$$,/V\,PRON,y,3
3223,466,8,firent,firent,466,Vfin,Vfin,'C/V\.C/e\,VERB,faire,3
3224,466,9,.,.,466,Pnc,Pnc,,PUNCT,.,9
3225,467,1,Brandan,brandan,467,N,N,C/V\.'C/V\,PROPN,Brandan,-10
3226,467,2,lur,lur,467,Prn,Prn$$,C/V\,PRON,leur,5
3227,467,3,dist,dist,467,Vfin,Vfin,C/V\,VERB,dire,9
3228,467,4,:,:,467,Pnc,Pnc,,PUNCT,:,9
3229,467,5,"""","""",467,Pnc,Pnc,,PUNCT,"""",6
3230,467,6,Freres,freres,467,N,N,'C/V\.C/e\,PROPN,frère,2
3231,467,7,",",",",467,Pnc,Pnc,,PUNCT,",",9
3232,467,8,savez,savez,467,Vfin,Vfin,C/V\.'C/V\,VERB,savoir,9
3233,468,1,Pur,pur,468,Pre,Pre,C/V\,ADP,pour,5
3234,468,2,quei,quei,468,Qux,Qux,C/V\,ADV,quei,-10
3235,468,3,poür,poür,468,N,N,C/V\.'C/V\,PROPN|NOUN,peur,6
3236,468,4,oüt,oüt,468,Vpp,Vpp,/V\.'C/V\,VERB,avoir,3
3237,468,5,avez,avez,468,Vfin,Vfin,/V\.'C/V\,VERB,avoir,8
3238,468,6,?,?,468,Pnc,Pnc,,PUNCT,?,9
3239,469,1,N',n',469,Neg,Neg$$,C/\,ADV,ne,8
3240,469,2,est,est,469,Vfin,Vfin,/V\,VERB,être,3
3241,469,3,pas,pas,469,Neg,Neg,C/V\,ADV,pas,8
3242,469,4,terre,terre,469,N,N,'C/V\.C/(e)\,NOUN,terre,8
3243,469,5,",",",",469,Pnc,Pnc,,PUNCT,",",9
3244,469,6,ainz,ainz,469,Crd,Crd,/V\,CCONJ,ains,3
3245,469,7,est,est,469,Vfin,Vfin,/V\,VERB,être,3
3246,469,8,beste,beste,469,N,N,'C/V\.C/(e)\,NOUN,bête,8
3247,470,1,U,u,470,Qux,Qux,/V\,ADJ|ADV|DET|PRON,u,0
3248,470,2,nus,nus,470,Prn,Prn$,C/V\,PRON,nus,-10
3249,470,3,feïmes,feimes,470,Vfin,Vfin,'C/V\.C/e\,VERB,faire,6
3250,470,4,nostre,nostre,470,Det,Det,'C/V\.C/(e)\,DET,notre,8
3251,470,5,feste,feste,470,N,N,'C/V\.C/(e)\,NOUN,fête,3
3252,470,6,",",",",470,Pnc,Pnc,,PUNCT,",",9
3253,471,1,Pessuns,pessuns,471,N,N,C/V\.'C/V\,NOUN,pessun,-10
3254,471,2,de,de,471,Pre,Pre,C/(e)\,ADP,de,8
3255,471,3,mer,mer,471,N,N,C/V\,NOUN,mer,8
3256,471,4,sur,sur,471,PrA,PrA,C/V\,ADP,sur,8
3257,471,5,les,les,471,Det,Det,C/V\,DET,le,8
3258,471,6,greinurs,greinurs,471,Adj,Adj,C/V\.'C/V\,ADJ,graindre,0
3259,471,7,.,.,471,Pnc,Pnc,,PUNCT,.,9
3260,472,1,Ne,ne,472,Neg,Neg$$,C/(e)\,ADV,ne,8
3261,472,2,merveillés,merveillés,472,Vfin,Vfin,C/V\.C/V\.'C/V\,VERB,merveiller,9
3262,472,3,de,de,472,Pre,Pre,C/(e)\,ADP,de,8
3263,472,4,ço,ço,472,Prn,Prn,C/V\,PRON,ce,5
3264,472,5,",",",",472,Pnc,Pnc,,PUNCT,",",9
3265,472,6,seignurs,seignurs,472,N,N,C/V\.'C/V\,NOUN,seigneur,9
3266,472,7,!,!,472,Pnc,Pnc,,PUNCT,!,9
3267,473,1,Pur,pur,473,Pre,Pre,C/V\,ADP,pour,5
3268,473,2,ço,ço,473,Prn,Prn,C/V\,PRON,ce,5
3269,473,3,vus,vus,473,Prn,Prn$$,C/V\,PRON,vous,5
3270,473,4,volt,volt,473,Vfin,Vfin,C/V\,VERB,vouloir,3
3271,473,5,Deus,deus,473,N,N,C/V\,PROPN|NOUN,deux,0
3272,473,6,ci,ci,473,Adv,Adv,C/V\,ADV,ci,8
3273,473,7,mener,mener,473,Vinf,Vinf,C/V\.'C/V\,VERB,mener,9
3274,474,1,Que,que,474,Sub,Sub,C/(e)\,SCONJ,que,3
3275,474,2,il,il,474,Prn,Prn$,/V\,PRON,il,9
3276,474,3,vus,vus,474,Prn,Prn$$,C/V\,PRON,vous,5
3277,474,4,voleit,voleit,474,Vfin,Vfin,C/V\.'C/V\,VERB,voloir,-10
3278,474,5,plus,plus,474,Adv,Adv,C/V\,ADV,plus,8
3279,474,6,asener,asener,474,Vinf,Vinf,/V\.C/e\.'C/V\,VERB,assener,9
3280,474,7,:,:,474,Pnc,Pnc,,PUNCT,:,9
3281,475,1,Ses,ses,475,Det,Det,C/V\,DET,son,8
3282,475,2,merveilles,merveilles,475,N,N,C/V\.'C/V\.C/e\,NOUN,merveille,9
3283,475,3,cum,cum,475,Sub,Sub,C/V\,SCONJ,comme,5
3284,475,4,plus,plus,475,Adv,Adv,C/V\,ADV,plus,8
3285,475,5,verrez,verrez,475,Vfin,Vfin,C/V\.'C/V\,VERB,voir,3
3286,475,6,",",",",475,Pnc,Pnc,,PUNCT,",",9
3287,476,1,En,en,476,Pre,Pre,/V\,ADP,en,3
3288,476,2,lui,lui,476,Prn,Prn,C/V\,PRON,lui,8
3289,476,3,puis,puis,476,PrA,PrA,C/V\,ADV,puis,8
3290,476,4,mult,mult,476,QIs,QIs,C/V\,ADV,moult,5
3291,476,5,mielz,mielz,476,Adv,Adv,C/V\,ADV,mieux,8
3292,476,6,crerrez,crerrez,476,Vfin,Vfin,C/V\.'C/V\,VERB,croire,6
3293,476,7,.,.,476,Pnc,Pnc,,PUNCT,.,9
3294,477,1,Primes,primes,477,Adv,Adv,'C/V\.C/e\,ADV,prime,3
3295,477,2,le,le,477,Prn,Prn$$,C/(e)\,PRON,le,8
3296,477,3,fist,fist,477,Vfin,Vfin,C/V\,VERB,faire,9
3297,477,4,li,li,477,Det,Det,C/V\,DET,le,3
3298,477,5,reis,reis,477,N,N,C/V\,NOUN,réi,-10
3299,477,6,divins,divins,477,Adj,Adj,C/V\.'C/V\,ADJ,divin,8
3300,478,1,Devant,devant,478,PrA,PrA,C/V\.'C/V\,ADP,devant,8
3301,478,2,trestuz,trestuz,478,QIs,QIs,C/V\.'C/V\,DET,trèstout,11
3302,478,3,pessuns,pessuns,478,N,N,C/V\.'C/V\,PROPN|NOUN,pessun,-10
3303,478,4,marins,marins,478,Adj,Adj,C/V\.'C/V\,ADJ,marin,5
3304,478,5,.,.,478,Pnc,Pnc,,PUNCT,.,9
3305,478,6,"""","""",478,Pnc,Pnc,,PUNCT,"""",6
3306,479,1,Quant,quant,479,Sub,Sub,C/V\,SCONJ,quand,3
3307,479,2,out,out,479,Vfin,Vfin,/V\,VERB,ouïr,3
3308,479,3,ço,ço,479,Prn,Prn,C/V\,PRON,ce,5
3309,479,4,dist,dist,479,Vpp,Vpp,C/V\,VERB,dire,9
3310,479,5,l',l',479,Det,Det,C/\,DET,le,8
3311,479,6,abes,abes,479,N,N,'/V\.C/e\,NOUN,abbé,6
3312,479,7,Brandan,brandan,479,N,N,C/V\.'C/V\,PROPN,Brandan,-10
3313,479,8,",",",",479,Pnc,Pnc,,PUNCT,",",9
3314,480,1,Bien,bien,480,Adv,Adv,C/V\,ADV,bien,8
3315,480,2,ad,ad,480,Vfin,Vfin,/V\,VERB,avoir,5
3316,480,3,curut,curut,480,Vpp,Vpp,C/V\.'C/V\,VERB,courir,6
3317,480,4,de,de,480,Pre,Pre,C/(e)\,ADP,de,8
3318,480,5,mer,mer,480,N,N,C/V\,NOUN,mer,8
3319,480,6,un,un,480,QIs,QIs,/V\,DET,un,3
3320,480,7,grant,grant,480,Adj,Adj,C/V\,ADJ,grand,8
3321,480,8,pan,pan,480,N,N,C/V\,NOUN,pan,3
3322,480,9,.,.,480,Pnc,Pnc,,PUNCT,.,9
3323,481,1,Veient,veient,481,Vfin,Vfin,'C/V\./e\,VERB,voir,6
3324,481,2,terre,terre,481,N,N,'C/V\.C/(e)\,NOUN,terre,8
3325,481,3,alte,alte,481,Adj,Adj,'/V\.C/(e)\,ADJ,autre,2
3326,481,4,e,e,481,Crd,Crd,/V\,CCONJ,et,5
3327,481,5,clere,clere,481,Adj,Adj,'C/V\.C/(e)\,ADJ,clair,5
3328,481,6,",",",",481,Pnc,Pnc,,PUNCT,",",9
3329,482,1,Si,si,482,Adv,Adv,C/V\,ADV,si,8
3330,482,2,cum,cum,482,Sub,Sub,C/V\,SCONJ,comme,5
3331,482,3,lur,lur,482,Prn,Prn$$,C/V\,PRON,leur,5
3332,482,4,out,out,482,Vfin,Vfin,/V\,VERB,ouïr,3
3333,482,5,dist,dist,482,Vpp,Vpp,C/V\,VERB,dire,9
3334,482,6,cil,cil,482,Dem,Dem,C/V\,DET,cil,8
3335,482,7,frere,frere,482,N,N,'C/V\.C/(e)\,NOUN,frère,9
3336,482,8,.,.,482,Pnc,Pnc,,PUNCT,.,9
3337,483,1,Venent,venent,483,Vfin,Vfin,'C/V\.C/e\,VERB,venir,3
3338,483,2,i,i,483,Prn,Prn$$,/V\,PRON,y,3
3339,483,3,tost,tost,483,Adv,Adv,C/V\,ADV,tôt,3
3340,483,4,e,e,483,Crd,Crd,/V\,CCONJ,et,5
3341,483,5,arivent,arivent,483,Vfin,Vfin,/V\.'C/V\.C/e\,VERB,arriver,9
3342,483,6,",",",",483,Pnc,Pnc,,PUNCT,",",9
3343,484,1,Ne,ne,484,Crd,Crd,C/(e)\,CCONJ,ne,8
3344,484,2,de,de,484,Pre,Pre,C/(e)\,ADP,de,8
3345,484,3,l',l',484,Det,Det,C/\,DET,le,8
3346,484,4,eisir,eisir,484,Vinf,Vinf,/V\.'C/V\,VERB,issir,8
3347,484,5,ne,ne,484,Neg,Neg$$,C/(e)\,ADV,ne,8
3348,484,6,s',s',484,Prn,Prn$$,C/\,PRON,se,3
3349,484,7,eschivent,eschivent,484,Vfin,Vfin,/V\.'C/V\.C/e\,VERB,esquiver,6
3350,484,8,",",",",484,Pnc,Pnc,,PUNCT,",",9
3351,485,1,Ne,ne,485,Crd,Crd,C/(e)\,CCONJ,ne,8
3352,485,2,pur,pur,485,Pre,Pre,C/V\,ADP,pour,5
3353,485,3,altre,altre,485,Adj,Adj,'/V\.C/(e)\,ADJ,autre,5
3354,485,4,rien,rien,485,N,N,C/V\,PROPN|NOUN,rien,8
3355,485,5,ne,ne,485,Neg,Neg$$,C/(e)\,ADV,ne,8
3356,485,6,dutent,dutent,485,Vfin,Vfin,'C/V\.C/e\,VERB,duter,-10
3357,485,7,",",",",485,Pnc,Pnc,,PUNCT,",",9
3358,486,1,Mais,mais,486,Crd,Crd,C/V\,CCONJ,mais,8
3359,486,2,a,a,486,Pre,Pre,/V\,ADP,à,3
3360,486,3,terre,terre,486,N,N,'C/V\.C/(e)\,NOUN,terre,8
3361,486,4,la,la,486,Det,Det,C/V\,DET,le,3
3362,486,5,nef,nef,486,N,N,C/V\,NOUN,nef,9
3363,486,6,butent,butent,486,Vfin,Vfin,'C/V\.C/e\,VERB,buttre,-10
3364,486,7,.,.,486,Pnc,Pnc,,PUNCT,.,9
3365,487,1,Amunt,amunt,487,PrA,PrA,/V\.'C/V\,ADP,amont,5
3366,487,2,un,un,487,QIs,QIs,/V\,DET,un,3
3367,487,3,duit,duit,487,N,N,C/V\,NOUN,duit,8
3368,487,4,s',s',487,Prn,Prn$$,C/\,PRON,se,3
3369,487,5,en,en,487,Prn,Prn$$,/V\,PRON,en,3
3370,487,6,vunt,vunt,487,Vfin,Vfin,C/V\,VERB,aller,6
3371,487,7,süef,süef,487,Adv,Adv,C/V\.'C/V\,ADV,sef,-10
3372,488,1,E,e,488,Crd,Crd,/V\,CCONJ,et,5
3373,488,2,od,od,488,Pre,Pre,/V\,ADP,o,5
3374,488,3,cordes,cordes,488,N,N,'C/V\.C/e\,NOUN,corde,8
3375,488,4,traient,traient,488,Vfin,Vfin,'C/V\./e\,VERB,traire,9
3376,488,5,lur,lur,488,Det,Det,C/V\,DET,leur,8
3377,488,6,nef,nef,488,N,N,C/V\,NOUN,nef,9
3378,488,7,.,.,488,Pnc,Pnc,,PUNCT,.,9
3379,489,1,Al,al,489,Pre+Det,Pre+Det,/V\,ADP.DET,à.le,3
3380,489,2,chef,chef,489,N,N,C/V\,NOUN,chef,9
3381,489,3,del,del,489,Pre+Det,Pre+Det,C/V\,ADP.DET,de.le,3
3382,489,4,duit,duit,489,N,N,C/V\,NOUN,duit,8
3383,489,5,out,out,489,Vfin,Vfin,/V\,VERB,ouïr,3
3384,489,6,une,une,489,QIs,QIs,'/V\.C/(e)\,DET,un,3
3385,489,7,arbre,arbre,489,N,N,'/V\.C/(e)\,NOUN,arbre,9
3386,490,1,Itant,itant,490,QIs,QIs,/V\.'C/V\,ADV,tant,6
3387,490,2,blanche,blanche,490,Adj,Adj,'C/V\.C/(e)\,ADJ,blanc,8
3388,490,3,cume,cume,490,Sub,Sub,'C/V\.C/(e)\,SCONJ,comme,5
3389,490,4,marbre,marbre,490,N,N,'C/V\.C/(e)\,NOUN,marbre,3
3390,490,5,",",",",490,Pnc,Pnc,,PUNCT,",",9
3391,491,1,E,e,491,Crd,Crd,/V\,CCONJ,et,5
3392,491,2,les,les,491,Det,Det,C/V\,DET,le,8
3393,491,3,fuiles,fuiles,491,N,N,'C/V\.C/e\,NOUN,fuille,-10
3394,491,4,mult,mult,491,QIs,QIs,C/V\,ADV,moult,5
3395,491,5,sunt,sunt,491,Vfin,Vfin,C/V\,VERB,être,3
3396,491,6,ledes,ledes,491,Adj,Adj,'C/V\.C/e\,ADJ,laid,6
3397,491,7,",",",",491,Pnc,Pnc,,PUNCT,",",9
3398,492,1,De,de,492,Pre,Pre,C/(e)\,ADP,de,8
3399,492,2,ruge,ruge,492,Adj,Adj,'C/V\.C/(e)\,ADJ,rouge,6
3400,492,3,e,e,492,Crd,Crd,/V\,CCONJ,et,5
3401,492,4,blanc,blanc,492,Adj,Adj,C/V\,ADJ,blanc,8
3402,492,5,taceledes,taceledes,492,N,N,C/V\.C/e\.'C/V\.C/e\,NOUN,taccellede,-10
3403,492,6,.,.,492,Pnc,Pnc,,PUNCT,.,9
3404,493,1,De,de,493,Pre,Pre,C/(e)\,ADP,de,8
3405,493,2,haltece,haltece,493,N,N,C/V\.'C/V\.C/(e)\,NOUN,hautesse,6
3406,493,3,par,par,493,Pre,Pre,C/V\,ADP,par,8
3407,493,4,vedue,vedue,493,N,N,C/V\.'C/V\./(e)\,NOUN,vedue,-10
3408,494,1,Muntout,muntout,494,Vfin,Vfin,C/V\.'C/V\,VERB,muntout,-10
3409,494,2,le,le,494,Det,Det,C/(e)\,DET,le,8
3410,494,3,arbre,arbre,494,N,N,'/V\.C/(e)\,NOUN,arbre,9
3411,494,4,sur,sur,494,PrA,PrA,C/V\,ADP,sur,8
3412,494,5,la,la,494,Det,Det,C/V\,DET,le,3
3413,494,6,nue,nue,494,N,N,'C/V\./(e)\,NOUN,nue,8
3414,494,7,;,;,494,Pnc,Pnc,,PUNCT,;,9
3415,495,1,Des,des,495,Pre,Pre,C/V\,ADP,dès,3
3416,495,2,le,le,495,Det,Det,C/(e)\,DET,le,8
3417,495,3,sumét,sumét,495,N,N,C/V\.'C/V\,PROPN|NOUN,sumettre,-10
3418,495,4,desque,desque,495,PrA,PrA,'C/V\.C/(e)\,ADV,desque,3
3419,495,5,en,en,495,Pre,Pre,/V\,ADP,en,3
3420,495,6,terre,terre,495,N,N,'C/V\.C/(e)\,NOUN,terre,8
3421,496,1,La,la,496,Det,Det,C/V\,DET,le,3
3422,496,2,brancheie,brancheie,496,N,N,C/V\.'C/V\./(e)\,NOUN,branchée,-10
3423,496,3,mult,mult,496,QIs,QIs,C/V\,ADV,moult,5
3424,496,4,la,la,496,Prn,Prn$$,C/V\,PRON,le,3
3425,496,5,serre,serre,496,Vfin,Vfin,'C/V\.C/(e)\,VERB,serrer,5
3426,497,1,E,e,497,Crd,Crd,/V\,CCONJ,et,5
3427,497,2,ledement,ledement,497,Adv,Adv,C/V\.C/e\.'C/V\,ADV,lèdement,-10
3428,497,3,s',s',497,Prn,Prn$$,C/\,PRON,se,3
3429,497,4,estent,estent,497,Vfin,Vfin,/V\.'C/V\,VERB,étendre,6
3430,497,5,par,par,497,Pre,Pre,C/V\,ADP,par,8
3431,497,6,l',l',497,Det,Det,C/\,DET,le,8
3432,497,7,air,air,497,N,N,/V\,NOUN,air,3
3433,497,8,",",",",497,Pnc,Pnc,,PUNCT,",",9
3434,498,1,Umbraiet,umbraiet,498,Vfin,Vfin,/V\.'C/V\./e\,VERB,Umbraire,-10
3435,498,2,luin,luin,498,Adv,Adv,C/V\,ADV,loin,6
3436,498,3,e,e,498,Crd,Crd,/V\,CCONJ,et,5
3437,498,4,tolt,tolt,498,Vfin,Vfin,C/V\,VERB,tolir,5
3438,498,5,le,le,498,Det,Det,C/(e)\,DET,le,8
3439,498,6,clair,clair,498,Adj,Adj,C/V\,ADJ,clair,8
3440,498,7,;,;,498,Pnc,Pnc,,PUNCT,;,9
3441,499,1,Tute,tute,499,QIs,QIs,'C/V\.C/(e)\,ADJ|ADV|DET|NUM|PRON,Tute,-10
3442,499,2,asise,asise,499,Vpp,Vpp,/V\.'C/V\.C/(e)\,VERB,asseoir,6
3443,499,3,de,de,499,Pre,Pre,C/(e)\,ADP,de,8
3444,499,4,blancs,blancs,499,Adj,Adj,C/V\,ADJ,blanc,8
3445,499,5,oiseus,oiseus,499,N,N,/V\.'C/V\,PROPN|NOUN,oiseux,4
3446,499,6,:,:,499,Pnc,Pnc,,PUNCT,:,9
3447,500,1,Unches,unches,500,Adv,Adv,'/V\.C/e\,ADV,onques,6
3448,500,2,nul,nul,500,QIs,QIs,C/V\,DET,nul,8
3449,500,3,hom,hom,500,N,N,/V\,NOUN,homme,8
3450,500,4,ne,ne,500,Neg,Neg$$,C/(e)\,ADV,ne,8
3451,500,5,vit,vit,500,Vfin,Vfin,C/V\,VERB,voir,3
3452,500,6,tant,tant,500,QIs,QIs,C/V\,ADV,tant,8
3453,500,7,beus,beus,500,Adj,Adj,C/V\,ADJ,boeuf,2
3454,500,8,.,.,500,Pnc,Pnc,,PUNCT,.,9
